1	0.3999999999999993	2.5809568279517847E-8	0.4	0.4
2	0.40666666666666595	0.03590109871423978	0.6	0.4
3	0.41999999999999943	0.06000000000000456	0.6	0.4
4	0.4266666666666662	0.06798692684790747	0.6	0.4
5	0.44444444444444414	0.08314794192831144	0.6	0.4
6	0.46222222222222187	0.09258962958222243	0.6	0.4
7	0.47111111111111076	0.09573626323794852	0.6	0.4
8	0.4777777777777775	0.09749960430435801	0.6	0.4
9	0.4911111111111109	0.09960415480451192	0.6	0.4
10	0.4955555555555554	0.09990118574661824	0.6	0.4
11	0.492222222222222	0.10773194901934302	0.6	0.1
12	0.4777777777777777	0.13480667456091638	0.6	0.0
13	0.47111111111111104	0.14317389926972995	0.6	0.0
14	0.48333333333333317	0.12931443160847236	0.6	0.0
15	0.4844444444444443	0.12553097104443225	0.6	0.0
16	0.47777777777777763	0.1348066745609168	0.6	0.0
17	0.48333333333333317	0.12931443160847259	0.6	0.0
18	0.47666666666666657	0.13828312341794366	0.6	0.0
19	0.47555555555555545	0.13442148564299222	0.6	0.0
20	0.4588888888888888	0.15484360887642926	0.6	0.0
21	0.43999999999999984	0.17625738755203077	0.6	0.0
22	0.4455555555555554	0.17330840276552048	0.6	0.0
23	0.4377777777777777	0.1810940687278164	0.6	0.0
24	0.4422222222222221	0.18256066132036342	0.6	0.0
25	0.4533333333333332	0.17074997966487618	0.6	0.0
26	0.42999999999999994	0.19000000000000006	0.6	0.0
27	0.4522222222222222	0.16208898638147132	0.6	0.0
28	0.44999999999999984	0.1586400537905442	0.6	0.0
29	0.4422222222222221	0.16531302145242047	0.6	0.0
30	0.42888888888888876	0.17077889828302995	0.6	0.0
31	0.39444444444444426	0.19285061064122003	0.6	0.0
32	0.37222222222222207	0.20001543150343745	0.6	0.0
33	0.3888888888888887	0.19913392726417686	0.6	0.0
34	0.3599999999999998	0.20912516188477526	0.6	0.0
35	0.3455555555555554	0.20931693731495718	0.6	0.0
36	0.36444444444444435	0.21203307452225018	0.6	0.0
37	0.3422222222222221	0.2260667442139738	0.6	0.0
38	0.34999999999999987	0.21921577396609862	0.6	0.0
39	0.3699999999999999	0.20680103158994814	0.6	0.0
40	0.36111111111111094	0.21065740720391643	0.6	0.0
41	0.34555555555555545	0.22318956124091838	0.6	0.0
42	0.33333333333333326	0.2255856575425152	0.6	0.0
43	0.3444444444444445	0.2276015578501219	0.6	0.0
44	0.3222222222222221	0.23275059507157636	0.6	0.0
45	0.2833333333333332	0.2367605447610637	0.6	0.0
46	0.27888888888888885	0.23967313131960213	0.6	0.0
47	0.29111111111111104	0.23220893103909895	0.6	0.0
48	0.33555555555555555	0.22623051720221177	0.6	0.0
49	0.29333333333333333	0.22842455598682415	0.6	0.0
50	0.30999999999999994	0.2314447378245327	0.6	0.0
51	0.32888888888888884	0.22471930364812626	0.6	0.0
52	0.29999999999999993	0.23142073276946384	0.6	0.0
53	0.3099999999999999	0.2380709511422547	0.6	0.0
54	0.3222222222222221	0.23700810008557283	0.6	0.0
55	0.2955555555555555	0.2426296268028065	0.6	0.0
56	0.3033333333333332	0.23259406699226035	0.6	0.0
57	0.302222222222222	0.23092941575669512	0.6	0.0
58	0.3055555555555554	0.23587242837842637	0.6	0.0
59	0.3266666666666666	0.23607908279501033	0.6	0.0
60	0.31666666666666665	0.24955515978993054	0.6	0.0
61	0.31555555555555553	0.2412518790306149	0.6	0.0
62	0.2766666666666667	0.2413158373031768	0.6	0.0
63	0.2833333333333332	0.24002314703192937	0.6	0.0
64	0.27666666666666656	0.23525399984791864	0.6	0.0
65	0.2699999999999999	0.23067533702394621	0.6	0.0
66	0.2655555555555555	0.22566499807906576	0.6	0.0
67	0.27555555555555555	0.22475226416415386	0.6	0.0
68	0.29444444444444434	0.22279093892960702	0.6	0.0
69	0.2988888888888888	0.2297314589033827	0.6	0.0
70	0.24555555555555544	0.23436017442821802	0.6	0.0
71	0.2466666666666667	0.23907228102721476	0.6	0.0
72	0.28444444444444444	0.24671671164002879	0.6	0.0
73	0.27444444444444444	0.2558476591477007	0.6	0.0
74	0.2477777777777777	0.24775784673201373	0.6	0.0
75	0.23777777777777767	0.2519161138058894	0.6	0.0
76	0.22444444444444436	0.2428127358508159	0.6	0.0
77	0.20333333333333325	0.23779075769349092	0.6	0.0
78	0.21555555555555558	0.24761579159438435	0.6	0.0
79	0.18555555555555556	0.23643702995893537	0.6	0.0
80	0.21111111111111108	0.24740629851159793	0.6	0.0
81	0.21666666666666667	0.251771501343756	0.6	0.0
82	0.18777777777777777	0.238433674811153	0.6	0.0
83	0.15222222222222223	0.22222499998263914	0.6	0.0
84	0.11	0.19891371663780924	0.6	0.0
85	0.15222222222222223	0.22520498207325987	0.6	0.0
86	0.15555555555555556	0.22954598237540857	0.6	0.0
87	0.16666666666666669	0.2328566559543065	0.6	0.0
88	0.14666666666666667	0.22020192753218332	0.6	0.0
89	0.1377777777777778	0.21785712840084379	0.6	0.0
90	0.12444444444444448	0.20726317736481323	0.6	0.0
91	0.1466666666666667	0.2207059380966247	0.6	0.0
92	0.12333333333333336	0.21398338460938712	0.6	0.0
93	0.11777777777777781	0.2068696732931027	0.6	0.0
94	0.14111111111111116	0.21699689933496205	0.6	0.0
95	0.11666666666666667	0.20883273476902783	0.6	0.0
96	0.14111111111111113	0.21903548390586525	0.6	0.0
97	0.12555555555555556	0.20952916058582988	0.6	0.0
98	0.16444444444444445	0.2363195158683407	0.6	0.0
99	0.1477777777777778	0.21869703944436103	0.6	0.0
100	0.15444444444444444	0.2231895612409182	0.6	0.0
101	0.13444444444444442	0.2103759128117048	0.6	0.0
102	0.13555555555555557	0.2088652468890521	0.6	0.0
103	0.1322222222222222	0.213347800435386	0.6	0.0
104	0.11999999999999998	0.2066666666666667	0.6	0.0
105	0.12111111111111111	0.20949380497042785	0.6	0.0
106	0.10666666666666666	0.19652537297311568	0.6	0.0
107	0.13888888888888887	0.22395160411940424	0.6	0.0
108	0.13111111111111112	0.21635590249218967	0.6	0.0
109	0.12000000000000001	0.2066666666666667	0.6	0.0
110	0.1088888888888889	0.2085102952131538	0.6	0.0
111	0.11777777777777777	0.2188747880398887	0.6	0.0
112	0.11333333333333334	0.21302060411560614	0.6	0.0
113	0.12000000000000002	0.21249836600678973	0.6	0.0
114	0.12555555555555553	0.21987931594455842	0.6	0.0
115	0.1122222222222222	0.21900166299611004	0.6	0.0
116	0.1433333333333333	0.23666666666666675	0.6	0.0
117	0.13444444444444445	0.22418301606356814	0.6	0.0
118	0.11777777777777776	0.21477521985026207	0.6	0.0
119	0.12444444444444444	0.21411892391903833	0.6	0.0
120	0.11444444444444443	0.20846588375884922	0.6	0.0
121	0.08666666666666667	0.18330302779823357	0.6	0.0
122	0.11555555555555556	0.19715256986016982	0.6	0.0
123	0.09222222222222225	0.18026386695174124	0.6	0.0
124	0.07777777777777778	0.173062466421667	0.6	0.0
125	0.06888888888888889	0.1664294608298025	0.6	0.0
126	0.08444444444444445	0.18732687480628976	0.6	0.0
127	0.09333333333333334	0.19252705437591536	0.6	0.0
128	0.0911111111111111	0.18357223491611896	0.6	0.0
129	0.058888888888888886	0.1534017560702357	0.6	0.0
130	0.06333333333333334	0.1656301099840646	0.6	0.0
131	0.05777777777777777	0.15844927528867453	0.6	0.0
132	0.06888888888888889	0.1716873414374995	0.6	0.0
133	0.06444444444444443	0.16214610086181955	0.6	0.0
134	0.058888888888888886	0.15839082776785923	0.6	0.0
135	0.07333333333333333	0.16110727964792765	0.6	0.0
136	0.06222222222222221	0.16232873215777488	0.6	0.0
137	0.04888888888888889	0.15220194512149124	0.6	0.0
138	0.04222222222222223	0.1357921432662417	0.6	0.0
139	0.038888888888888896	0.11990222354016852	0.6	0.0
140	0.053333333333333344	0.14313940369055925	0.6	0.0
141	0.07777777777777778	0.16850834320114558	0.6	0.0
142	0.058888888888888886	0.14749346083014772	0.6	0.0
143	0.037777777777777785	0.1197940619728316	0.6	0.0
144	0.04	0.1254325848148452	0.6	0.0
145	0.07777777777777779	0.17047500812453928	0.6	0.0
146	0.05222222222222223	0.13922625692477678	0.6	0.0
147	0.05666666666666667	0.15638272140986534	0.6	0.0
148	0.07333333333333333	0.16983652270475996	0.6	0.0
149	0.10222222222222223	0.18854871329168657	0.6	0.0
150	0.07444444444444444	0.15170227502220784	0.6	0.0
151	0.05777777777777777	0.13822508035630213	0.6	0.0
152	0.06555555555555555	0.1647632045702162	0.6	0.0
153	0.06222222222222222	0.15886946268191224	0.6	0.0
154	0.058888888888888886	0.1436774508283858	0.6	0.0
155	0.06222222222222221	0.15244509232126663	0.6	0.0
156	0.10666666666666666	0.19020456823582804	0.6	0.0
157	0.0888888888888889	0.17090897151176668	0.6	0.0
158	0.06222222222222222	0.14187457510677665	0.6	0.0
159	0.08444444444444445	0.16118389160700963	0.6	0.0
160	0.11222222222222222	0.17815584798944856	0.6	0.0
161	0.13777777777777775	0.20307512445604833	0.6	0.0
162	0.13222222222222224	0.20700390644611183	0.6	0.0
163	0.13333333333333333	0.2038517980189421	0.6	0.0
164	0.10666666666666669	0.19708993998792643	0.6	0.0
165	0.11222222222222224	0.19878954688468228	0.6	0.0
166	0.10444444444444446	0.18613681414552824	0.6	0.0
167	0.12111111111111111	0.1997189383132898	0.6	0.0
168	0.10555555555555557	0.18580821122335978	0.6	0.0
169	0.11444444444444445	0.1991990133348563	0.6	0.0
170	0.10999999999999999	0.20168732676541123	0.6	0.0
171	0.1322222222222222	0.21798459567276146	0.6	0.0
172	0.11555555555555556	0.21234725810495264	0.6	0.0
173	0.0922222222222222	0.18331986482513613	0.6	0.0
174	0.10333333333333332	0.19290181728307051	0.6	0.0
175	0.09	0.18076995817275	0.6	0.0
176	0.08444444444444445	0.17442675069502583	0.6	0.0
177	0.10444444444444449	0.18968459851442934	0.6	0.0
178	0.11333333333333334	0.19390719429665318	0.6	0.0
179	0.09333333333333335	0.17938165396098285	0.6	0.0
180	0.07666666666666669	0.16736520280844258	0.6	0.0
181	0.08222222222222222	0.17611724489844058	0.6	0.0
182	0.09777777777777778	0.19205194770499973	0.6	0.0
183	0.08888888888888889	0.1816250377040227	0.6	0.0
184	0.08666666666666667	0.17900962109463403	0.6	0.0
185	0.07222222222222224	0.1619518294485382	0.6	0.0
186	0.09555555555555557	0.18968459851442934	0.6	0.0
187	0.1088888888888889	0.1981270324505324	0.6	0.0
188	0.08555555555555557	0.18046921012313744	0.6	0.0
189	0.09333333333333334	0.1793816539609828	0.6	0.0
190	0.1	0.19379255804998177	0.6	0.0
191	0.11444444444444445	0.2100587807210751	0.6	0.0
192	0.11	0.20223748416156687	0.6	0.0
193	0.09333333333333334	0.19539134519670462	0.6	0.0
194	0.0888888888888889	0.18039736660091024	0.6	0.0
195	0.11333333333333334	0.20558858593479035	0.6	0.0
196	0.07666666666666667	0.174515201502779	0.6	0.0
197	0.08444444444444445	0.18252008176338727	0.6	0.0
198	0.10666666666666666	0.20154955277107967	0.6	0.0
199	0.10666666666666666	0.20154955277107967	0.6	0.0
200	0.10111111111111112	0.19691760512934475	0.6	0.0
201	0.11333333333333334	0.20286832072937253	0.6	0.0
202	0.12555555555555556	0.21058706888184497	0.6	0.0
203	0.11333333333333333	0.20341528403189812	0.6	0.0
204	0.09333333333333332	0.19194906731850625	0.6	0.0
205	0.08555555555555554	0.1816963958005595	0.6	0.0
206	0.06444444444444444	0.15514230822850722	0.6	0.0
207	0.06888888888888889	0.17038808281517842	0.6	0.0
208	0.06222222222222224	0.15533317437601152	0.6	0.0
209	0.0911111111111111	0.1924372592961979	0.6	0.0
210	0.08111111111111112	0.1831177183273975	0.6	0.0
211	0.05888888888888889	0.14290202116947467	0.6	0.0
212	0.048888888888888885	0.13101691531541046	0.6	0.0
213	0.052222222222222225	0.1384258949585002	0.6	0.0
214	0.06333333333333334	0.15162087220725545	0.6	0.0
215	0.07999999999999999	0.1746106780494506	0.6	0.0
216	0.04888888888888889	0.13763433393068464	0.6	0.0
217	0.04	0.12092238098144704	0.6	0.0
218	0.041111111111111105	0.12100913137669905	0.6	0.0
219	0.02888888888888889	0.09688990825151841	0.4	0.0
220	0.03777777777777778	0.11979406197283161	0.6	0.0
221	0.04666666666666666	0.1359738536958076	0.6	0.0
222	0.04333333333333333	0.1282792093659591	0.6	0.0
223	0.04777777777777777	0.1258109496893192	0.4	0.0
224	0.035555555555555556	0.1078178619618507	0.4	0.0
225	0.04	0.11813363431112903	0.6	0.0
226	0.03777777777777778	0.11697841945112764	0.6	0.0
227	0.035555555555555556	0.11576903357894316	0.6	0.0
228	0.023333333333333334	0.08569973421454961	0.4	0.0
229	0.034444444444444444	0.10766316930450898	0.4	0.0
230	0.05333333333333333	0.13432961119739925	0.6	0.0
231	0.043333333333333335	0.13085190950927017	0.6	0.0
232	0.023333333333333334	0.09551032521262935	0.6	0.0
233	0.016666666666666666	0.08595864638818418	0.6	0.0
234	0.017777777777777778	0.08243216440440626	0.4	0.0
235	0.0077777777777777776	0.04528374193847741	0.4	0.0
236	0.023333333333333334	0.09551032521262935	0.6	0.0
237	0.02888888888888889	0.11278735591510686	0.6	0.0
238	0.017777777777777778	0.08638129655811916	0.6	0.0
239	0.028888888888888884	0.11278735591510686	0.6	0.0
240	0.013333333333333336	0.07630348761506399	0.6	0.0
241	0.01	0.047258156262526094	0.4	0.0
242	0.014444444444444447	0.06759538299668948	0.6	0.0
243	0.015555555555555557	0.07733205618357919	0.6	0.0
244	0.024444444444444446	0.09581360505471156	0.6	0.0
245	0.017777777777777778	0.07828406646137129	0.6	0.0
246	0.027777777777777776	0.09664112050695349	0.6	0.0
247	0.03222222222222223	0.10416629629563787	0.6	0.0
248	0.018888888888888893	0.08285790305556515	0.6	0.0
249	0.027777777777777776	0.10003085943600691	0.6	0.0
250	0.01777777777777778	0.07828406646137127	0.6	0.0
251	0.012222222222222223	0.055433198592295216	0.4	0.0
252	0.013333333333333332	0.061824123303304696	0.4	0.0
253	0.014444444444444447	0.06759538299668948	0.4	0.0
254	0.025555555555555557	0.0961030825163054	0.4	0.0
255	0.030000000000000002	0.1004987562112089	0.4	0.0
256	0.026666666666666665	0.09285592184789414	0.4	0.0
257	0.025555555555555554	0.10280630234800364	0.6	0.0
258	0.015555555555555555	0.07289430874158545	0.4	0.0
259	0.024444444444444446	0.09581360505471155	0.6	0.0
260	0.025555555555555554	0.0961030825163054	0.6	0.0
261	0.024444444444444446	0.09581360505471155	0.6	0.0
262	0.022222222222222223	0.09282932699646855	0.6	0.0
263	0.019999999999999997	0.09092121131323905	0.6	0.0
264	0.029999999999999995	0.11874342087037917	0.6	0.0
265	0.025555555555555554	0.10909843782475745	0.6	0.0
266	0.042222222222222223	0.13902659839659604	0.6	0.0
267	0.04777777777777777	0.14699038349329582	0.6	0.0
268	0.026666666666666665	0.11333333333333336	0.6	0.0
269	0.023333333333333334	0.09666666666666666	0.6	0.0
270	0.017777777777777778	0.08243216440440626	0.6	0.0
271	0.022222222222222223	0.09975278083317085	0.6	0.0
272	0.013333333333333332	0.06863753427324668	0.5	0.0
273	0.017777777777777778	0.07685162873684703	0.5	0.0
274	0.018888888888888893	0.07730810571910648	0.5	0.0
275	0.025555555555555557	0.10388146141006757	0.6	0.0
276	0.011111111111111112	0.07062332703142535	0.6	0.0
277	0.022222222222222223	0.1062259413574855	0.6	0.0
278	0.027777777777777776	0.11355642530651915	0.6	0.0
279	0.030000000000000002	0.12242911781471305	0.6	0.0
280	0.017777777777777778	0.09378199042670753	0.6	0.0
281	0.016666666666666666	0.08975274678557507	0.6	0.0
282	0.017777777777777778	0.09015761233378132	0.6	0.0
283	0.022222222222222227	0.10304020550550783	0.6	0.0
284	0.022222222222222223	0.10829771494232182	0.6	0.0
285	0.030000000000000002	0.12242911781471305	0.6	0.0
286	0.034444444444444444	0.13094622400148434	0.6	0.0
287	0.030000000000000002	0.1251221625274897	0.6	0.0
288	0.030000000000000002	0.1168569876197207	0.6	0.0
289	0.017777777777777778	0.09138171197756484	0.6	0.0
290	0.012222222222222223	0.0680323089548517	0.5	0.0
291	0.008888888888888889	0.05506449641495052	0.5	0.0
292	0.01111111111111111	0.06573421981221796	0.6	0.0
293	0.024444444444444446	0.10884352796674185	0.6	0.0
294	0.024444444444444446	0.10884352796674185	0.6	0.0
295	0.025555555555555557	0.11504695767005663	0.6	0.0
296	0.027777777777777776	0.12385276005337753	0.6	0.0
297	0.023333333333333334	0.10959521481849065	0.6	0.0
298	0.023333333333333334	0.10857664983268221	0.6	0.0
299	0.012222222222222223	0.05126787553359702	0.4	0.0
300	0.024444444444444446	0.09226906440900755	0.6	0.0
301	0.009999999999999998	0.05174724898753342	0.4	0.0
302	0.009999999999999998	0.05174724898753342	0.4	0.0
303	0.0077777777777777776	0.047674306562055416	0.4	0.0
304	0.015555555555555557	0.07875575620741934	0.6	0.0
305	0.026666666666666665	0.10728984626287388	0.6	0.0
306	0.012222222222222223	0.06294226239230466	0.4	0.0
307	0.016666666666666666	0.07490735018081411	0.4	0.0
308	0.005555555555555556	0.04310481053615739	0.4	0.0
309	0.007777777777777778	0.04528374193847741	0.4	0.0
310	0.006666666666666666	0.04422166387140534	0.4	0.0
311	0.0077777777777777776	0.04528374193847741	0.4	0.0
312	0.01	0.0597215762238964	0.4	0.0
313	0.008888888888888889	0.05300826863056251	0.4	0.0
314	0.008888888888888889	0.05300826863056251	0.4	0.0
315	0.01	0.0597215762238964	0.4	0.0
316	0.008888888888888889	0.058962218495207115	0.4	0.0
317	0.005555555555555556	0.04310481053615739	0.4	0.0
318	0.01	0.0597215762238964	0.4	0.0
319	0.018888888888888893	0.08285790305556516	0.4	0.0
320	0.015555555555555555	0.07440297352348094	0.4	0.0
321	0.015555555555555555	0.07440297352348094	0.4	0.0
322	0.015555555555555555	0.07440297352348094	0.4	0.0
323	0.008888888888888889	0.058962218495207115	0.4	0.0
324	0.0044444444444444444	0.04192880503136269	0.4	0.0
325	0.017777777777777778	0.08243216440440626	0.4	0.0
326	0.008888888888888889	0.058962218495207115	0.4	0.0
327	0.0044444444444444444	0.04192880503136269	0.4	0.0
328	0.0044444444444444444	0.04192880503136269	0.4	0.0
329	0.0011111111111111111	0.010482201257840672	0.1	0.0
330	0.005555555555555556	0.04310481053615739	0.4	0.0
331	0.0011111111111111111	0.010482201257840672	0.1	0.0
332	0.0	0.0	0.0	0.0
333	0.0022222222222222222	0.014740554623801779	0.1	0.0
334	0.007777777777777778	0.04528374193847741	0.4	0.0
335	0.011111111111111112	0.0604509800388242	0.4	0.0
336	0.011111111111111112	0.06740333728045823	0.5	0.0
337	0.014444444444444446	0.06759538299668948	0.4	0.0
338	0.006666666666666666	0.03590109871423003	0.3	0.0
339	0.0044444444444444444	0.03303570832737446	0.3	0.0
340	0.014444444444444446	0.07682752850250012	0.6	0.0
341	0.011111111111111112	0.07062332703142535	0.6	0.0
342	0.011111111111111112	0.07062332703142535	0.6	0.0
343	0.012222222222222223	0.07122386893572154	0.6	0.0
344	0.022222222222222223	0.09162456945817024	0.6	0.0
345	0.03222222222222222	0.11626385487595568	0.6	0.0
346	0.035555555555555556	0.12230300360726236	0.6	0.0
347	0.027777777777777776	0.11257370699312003	0.6	0.0
348	0.027777777777777776	0.11257370699312003	0.6	0.0
349	0.022222222222222223	0.10517475169954874	0.6	0.0
350	0.014444444444444442	0.08105020544371949	0.6	0.0
351	0.018888888888888886	0.09054703436390817	0.6	0.0
352	0.011111111111111112	0.07519521918083837	0.6	0.0
353	0.014444444444444446	0.0782604073464015	0.5	0.0
354	0.04	0.1364632632697248	0.6	0.0
355	0.014444444444444446	0.0782604073464015	0.5	0.0
356	0.01	0.06674994798166929	0.5	0.0
357	0.015555555555555555	0.08551947291063937	0.6	0.0
358	0.0	0.0	0.0	0.0
359	0.0077777777777777776	0.052127573803288446	0.4	0.0
360	0.008888888888888889	0.05300826863056251	0.4	0.0
361	0.012222222222222223	0.07575952859435904	0.6	0.0
362	0.0044444444444444444	0.04192880503136269	0.4	0.0
363	0.003333333333333333	0.031446603773522014	0.3	0.0
364	0.0	0.0	0.0	0.0
365	0.003333333333333333	0.031446603773522014	0.3	0.0
366	0.005555555555555556	0.03759760959041918	0.3	0.0
367	0.0077777777777777776	0.052127573803288446	0.4	0.0
368	0.003333333333333333	0.031446603773522014	0.3	0.0
369	0.003333333333333333	0.031446603773522014	0.3	0.0
370	0.003333333333333333	0.031446603773522014	0.3	0.0
371	0.0	0.0	0.0	0.0
372	0.008888888888888889	0.058962218495207115	0.4	0.0
373	0.015555555555555555	0.08551947291063937	0.6	0.0
374	0.007777777777777778	0.047674306562055416	0.4	0.0
375	0.007777777777777778	0.047674306562055416	0.4	0.0
376	0.0022222222222222222	0.014740554623801779	0.1	0.0
377	0.003333333333333334	0.017950549357115014	0.1	0.0
378	0.0022222222222222222	0.014740554623801779	0.1	0.0
379	0.0011111111111111111	0.010482201257840672	0.1	0.0
380	0.0011111111111111111	0.010482201257840672	0.1	0.0
381	0.0	0.0	0.0	0.0
382	0.0	0.0	0.0	0.0
383	0.003333333333333333	0.031446603773522014	0.3	0.0
384	0.003333333333333333	0.031446603773522014	0.3	0.0
385	0.003333333333333333	0.031446603773522014	0.3	0.0
386	0.003333333333333333	0.031446603773522014	0.3	0.0
387	0.008888888888888889	0.058962218495207115	0.4	0.0
388	0.01	0.0597215762238964	0.4	0.0
389	0.011111111111111112	0.0604509800388242	0.4	0.0
390	0.016666666666666666	0.08595864638818418	0.6	0.0
391	0.016666666666666666	0.08595864638818418	0.6	0.0
392	0.015555555555555555	0.08551947291063937	0.6	0.0
393	0.011111111111111112	0.07519521918083837	0.6	0.0
394	0.015555555555555555	0.08551947291063937	0.6	0.0
395	0.0044444444444444444	0.04192880503136269	0.4	0.0
396	0.005555555555555556	0.04310481053615739	0.4	0.0
397	0.008888888888888889	0.058962218495207115	0.4	0.0
398	0.015555555555555555	0.08551947291063937	0.6	0.0
399	0.016666666666666666	0.08595864638818418	0.6	0.0
400	0.0022222222222222222	0.014740554623801779	0.1	0.0
401	0.0022222222222222222	0.014740554623801779	0.1	0.0
402	0.0022222222222222222	0.014740554623801779	0.1	0.0
403	0.0077777777777777776	0.06364445996275417	0.6	0.0
404	0.013333333333333332	0.08844332774281066	0.6	0.0
405	0.013333333333333332	0.08844332774281066	0.6	0.0
406	0.0077777777777777776	0.06364445996275417	0.6	0.0
407	0.0077777777777777776	0.06364445996275417	0.6	0.0
408	0.006666666666666666	0.06289320754704403	0.6	0.0
409	0.013333333333333332	0.08844332774281066	0.6	0.0
410	0.006666666666666666	0.06289320754704403	0.6	0.0
411	0.006666666666666666	0.06289320754704403	0.6	0.0
412	0.006666666666666666	0.06289320754704403	0.6	0.0
413	0.006666666666666666	0.06289320754704403	0.6	0.0
414	0.006666666666666666	0.06289320754704403	0.6	0.0
415	0.006666666666666666	0.06289320754704403	0.6	0.0
416	0.006666666666666666	0.06289320754704403	0.6	0.0
417	0.0	0.0	0.0	0.0
418	0.0	0.0	0.0	0.0
419	0.0	0.0	0.0	0.0
420	0.0	0.0	0.0	0.0
421	0.0	0.0	0.0	0.0
422	0.006666666666666666	0.06289320754704403	0.6	0.0
423	0.0	0.0	0.0	0.0
424	0.0	0.0	0.0	0.0
425	0.0	0.0	0.0	0.0
426	0.0	0.0	0.0	0.0
427	0.0	0.0	0.0	0.0
428	0.0	0.0	0.0	0.0
429	0.0	0.0	0.0	0.0
430	0.0	0.0	0.0	0.0
431	0.0	0.0	0.0	0.0
432	0.0	0.0	0.0	0.0
433	0.0	0.0	0.0	0.0
434	0.0	0.0	0.0	0.0
435	0.0011111111111111111	0.010482201257840672	0.1	0.0
436	0.0011111111111111111	0.010482201257840672	0.1	0.0
437	0.0011111111111111111	0.010482201257840672	0.1	0.0
438	0.0011111111111111111	0.010482201257840672	0.1	0.0
439	0.0	0.0	0.0	0.0
440	0.0	0.0	0.0	0.0
441	0.0	0.0	0.0	0.0
442	0.0	0.0	0.0	0.0
443	0.003333333333333333	0.031446603773522014	0.3	0.0
444	0.006666666666666666	0.04422166387140533	0.3	0.0
445	0.003333333333333333	0.031446603773522014	0.3	0.0
446	0.0	0.0	0.0	0.0
447	0.0	0.0	0.0	0.0
448	0.0	0.0	0.0	0.0
449	0.0011111111111111111	0.010482201257840672	0.1	0.0
450	0.0	0.0	0.0	0.0
451	0.003333333333333333	0.031446603773522014	0.3	0.0
452	0.005555555555555556	0.03759760959041918	0.3	0.0
453	0.012222222222222223	0.05740262823595329	0.3	0.0
454	0.005555555555555556	0.03759760959041918	0.3	0.0
455	0.0077777777777777776	0.056229248572799984	0.5	0.0
456	0.0022222222222222222	0.020964402515681345	0.2	0.0
457	0.0022222222222222222	0.020964402515681345	0.2	0.0
458	0.0022222222222222222	0.020964402515681345	0.2	0.0
459	0.0	0.0	0.0	0.0
460	0.005555555555555556	0.05241100628920335	0.5	0.0
461	0.005555555555555556	0.05241100628920335	0.5	0.0
462	0.005555555555555556	0.05241100628920335	0.5	0.0
463	0.0011111111111111111	0.010482201257840672	0.1	0.0
464	0.0077777777777777776	0.06364445996275417	0.6	0.0
465	0.0077777777777777776	0.06364445996275417	0.6	0.0
466	0.006666666666666666	0.06289320754704403	0.6	0.0
467	0.006666666666666666	0.06289320754704403	0.6	0.0
468	0.006666666666666666	0.06289320754704403	0.6	0.0
469	0.0	0.0	0.0	0.0
470	0.0	0.0	0.0	0.0
471	0.0	0.0	0.0	0.0
472	0.006666666666666666	0.06289320754704403	0.6	0.0
473	0.0011111111111111111	0.010482201257840672	0.1	0.0
474	0.0	0.0	0.0	0.0
475	0.0	0.0	0.0	0.0
476	0.0044444444444444444	0.04192880503136269	0.4	0.0
477	0.0	0.0	0.0	0.0
478	0.0	0.0	0.0	0.0
479	0.0011111111111111111	0.010482201257840672	0.1	0.0
480	0.0	0.0	0.0	0.0
481	0.0	0.0	0.0	0.0
482	0.0	0.0	0.0	0.0
483	0.0011111111111111111	0.010482201257840672	0.1	0.0
484	0.0011111111111111111	0.010482201257840672	0.1	0.0
485	0.0	0.0	0.0	0.0
486	0.0011111111111111111	0.010482201257840672	0.1	0.0
487	0.003333333333333334	0.017950549357115014	0.1	0.0
488	0.007777777777777778	0.04528374193847741	0.4	0.0
489	0.0	0.0	0.0	0.0
490	0.0	0.0	0.0	0.0
491	0.0011111111111111111	0.010482201257840672	0.1	0.0
492	0.0022222222222222222	0.014740554623801779	0.1	0.0
493	0.0011111111111111111	0.010482201257840672	0.1	0.0
494	0.0011111111111111111	0.010482201257840672	0.1	0.0
495	0.0011111111111111111	0.010482201257840672	0.1	0.0
496	0.0011111111111111111	0.010482201257840672	0.1	0.0
497	0.0011111111111111111	0.010482201257840672	0.1	0.0
498	0.0011111111111111111	0.010482201257840672	0.1	0.0
499	0.0011111111111111111	0.010482201257840672	0.1	0.0
500	0.0	0.0	0.0	0.0
501	0.0	0.0	0.0	0.0
502	0.0	0.0	0.0	0.0
503	0.0044444444444444444	0.029481109247603558	0.2	0.0
504	0.0044444444444444444	0.029481109247603558	0.2	0.0
505	0.0022222222222222222	0.020964402515681345	0.2	0.0
506	0.006666666666666668	0.04666666666666667	0.4	0.0
507	0.0022222222222222222	0.020964402515681345	0.2	0.0
508	0.0022222222222222222	0.020964402515681345	0.2	0.0
509	0.0022222222222222222	0.020964402515681345	0.2	0.0
510	0.006666666666666668	0.04666666666666667	0.4	0.0
511	0.0044444444444444444	0.04192880503136269	0.4	0.0
512	0.008888888888888889	0.058962218495207115	0.4	0.0
513	0.0044444444444444444	0.04192880503136269	0.4	0.0
514	0.0044444444444444444	0.04192880503136269	0.4	0.0
515	0.0044444444444444444	0.04192880503136269	0.4	0.0
516	0.005555555555555556	0.04310481053615739	0.4	0.0
517	0.0	0.0	0.0	0.0
518	0.0044444444444444444	0.04192880503136269	0.4	0.0
519	0.0044444444444444444	0.04192880503136269	0.4	0.0
520	0.0	0.0	0.0	0.0
521	0.0	0.0	0.0	0.0
522	0.0	0.0	0.0	0.0
523	0.0011111111111111111	0.010482201257840672	0.1	0.0
524	0.0011111111111111111	0.010482201257840672	0.1	0.0
525	0.0	0.0	0.0	0.0
526	0.0	0.0	0.0	0.0
527	0.0	0.0	0.0	0.0
528	0.0	0.0	0.0	0.0
529	0.0022222222222222222	0.014740554623801779	0.1	0.0
530	0.0022222222222222222	0.014740554623801779	0.1	0.0
531	0.0022222222222222222	0.014740554623801779	0.1	0.0
532	0.0	0.0	0.0	0.0
533	0.0	0.0	0.0	0.0
534	0.0	0.0	0.0	0.0
535	0.0	0.0	0.0	0.0
536	0.0	0.0	0.0	0.0
537	0.0011111111111111111	0.010482201257840672	0.1	0.0
538	0.0011111111111111111	0.010482201257840672	0.1	0.0
539	0.0011111111111111111	0.010482201257840672	0.1	0.0
540	0.0011111111111111111	0.010482201257840672	0.1	0.0
541	0.0011111111111111111	0.010482201257840672	0.1	0.0
542	0.0011111111111111111	0.010482201257840672	0.1	0.0
543	0.0022222222222222222	0.014740554623801779	0.1	0.0
544	0.0	0.0	0.0	0.0
545	0.0	0.0	0.0	0.0
546	0.0	0.0	0.0	0.0
547	0.0	0.0	0.0	0.0
548	0.0	0.0	0.0	0.0
549	0.0011111111111111111	0.010482201257840672	0.1	0.0
550	0.0011111111111111111	0.010482201257840672	0.1	0.0
551	0.0	0.0	0.0	0.0
552	0.0	0.0	0.0	0.0
553	0.0	0.0	0.0	0.0
554	0.0	0.0	0.0	0.0
555	0.0	0.0	0.0	0.0
556	0.0	0.0	0.0	0.0
557	0.0	0.0	0.0	0.0
558	0.0011111111111111111	0.010482201257840672	0.1	0.0
559	0.0	0.0	0.0	0.0
560	0.0	0.0	0.0	0.0
561	0.0	0.0	0.0	0.0
562	0.0	0.0	0.0	0.0
563	0.0	0.0	0.0	0.0
564	0.0	0.0	0.0	0.0
565	0.0	0.0	0.0	0.0
566	0.0	0.0	0.0	0.0
567	0.0	0.0	0.0	0.0
568	0.0	0.0	0.0	0.0
569	0.0	0.0	0.0	0.0
570	0.0	0.0	0.0	0.0
571	0.0	0.0	0.0	0.0
572	0.0	0.0	0.0	0.0
573	0.0	0.0	0.0	0.0
574	0.0	0.0	0.0	0.0
575	0.0	0.0	0.0	0.0
576	0.0	0.0	0.0	0.0
577	0.0	0.0	0.0	0.0
578	0.0	0.0	0.0	0.0
579	0.0	0.0	0.0	0.0
580	0.0	0.0	0.0	0.0
581	0.0	0.0	0.0	0.0
582	0.0	0.0	0.0	0.0
583	0.0	0.0	0.0	0.0
584	0.0	0.0	0.0	0.0
585	0.0	0.0	0.0	0.0
586	0.0	0.0	0.0	0.0
587	0.0	0.0	0.0	0.0
588	0.0	0.0	0.0	0.0
589	0.0	0.0	0.0	0.0
590	0.0	0.0	0.0	0.0
591	0.0	0.0	0.0	0.0
592	0.0	0.0	0.0	0.0
593	0.0	0.0	0.0	0.0
594	0.0	0.0	0.0	0.0
595	0.0	0.0	0.0	0.0
596	0.0	0.0	0.0	0.0
597	0.0	0.0	0.0	0.0
598	0.0	0.0	0.0	0.0
599	0.0	0.0	0.0	0.0
600	0.0	0.0	0.0	0.0
601	0.0	0.0	0.0	0.0
602	0.0	0.0	0.0	0.0
603	0.0011111111111111111	0.010482201257840672	0.1	0.0
604	0.0	0.0	0.0	0.0
605	0.0	0.0	0.0	0.0
606	0.0	0.0	0.0	0.0
607	0.0	0.0	0.0	0.0
608	0.0	0.0	0.0	0.0
609	0.0	0.0	0.0	0.0
610	0.0	0.0	0.0	0.0
611	0.0	0.0	0.0	0.0
612	0.0	0.0	0.0	0.0
613	0.0	0.0	0.0	0.0
614	0.0	0.0	0.0	0.0
615	0.0	0.0	0.0	0.0
616	0.0	0.0	0.0	0.0
617	0.0	0.0	0.0	0.0
618	0.0	0.0	0.0	0.0
619	0.0	0.0	0.0	0.0
620	0.0	0.0	0.0	0.0
621	0.0	0.0	0.0	0.0
622	0.0	0.0	0.0	0.0
623	0.0	0.0	0.0	0.0
624	0.0	0.0	0.0	0.0
625	0.0	0.0	0.0	0.0
626	0.0	0.0	0.0	0.0
627	0.0	0.0	0.0	0.0
628	0.0	0.0	0.0	0.0
629	0.0	0.0	0.0	0.0
630	0.0	0.0	0.0	0.0
631	0.0	0.0	0.0	0.0
632	0.0	0.0	0.0	0.0
633	0.0	0.0	0.0	0.0
634	0.0	0.0	0.0	0.0
635	0.0	0.0	0.0	0.0
636	0.0	0.0	0.0	0.0
637	0.0	0.0	0.0	0.0
638	0.0	0.0	0.0	0.0
639	0.0	0.0	0.0	0.0
640	0.0	0.0	0.0	0.0
641	0.0	0.0	0.0	0.0
642	0.0	0.0	0.0	0.0
643	0.0	0.0	0.0	0.0
644	0.0	0.0	0.0	0.0
645	0.0	0.0	0.0	0.0
646	0.0	0.0	0.0	0.0
647	0.0	0.0	0.0	0.0
648	0.0	0.0	0.0	0.0
649	0.0	0.0	0.0	0.0
650	0.0	0.0	0.0	0.0
651	0.0	0.0	0.0	0.0
652	0.0	0.0	0.0	0.0
653	0.0	0.0	0.0	0.0
654	0.0	0.0	0.0	0.0
655	0.0	0.0	0.0	0.0
656	0.0	0.0	0.0	0.0
657	0.0	0.0	0.0	0.0
658	0.0	0.0	0.0	0.0
659	0.0	0.0	0.0	0.0
660	0.0	0.0	0.0	0.0
661	0.0	0.0	0.0	0.0
662	0.0	0.0	0.0	0.0
663	0.0	0.0	0.0	0.0
664	0.0	0.0	0.0	0.0
665	0.0	0.0	0.0	0.0
666	0.0	0.0	0.0	0.0
667	0.0	0.0	0.0	0.0
668	0.0	0.0	0.0	0.0
669	0.0	0.0	0.0	0.0
670	0.0011111111111111111	0.010482201257840672	0.1	0.0
671	0.0	0.0	0.0	0.0
672	0.0	0.0	0.0	0.0
673	0.0	0.0	0.0	0.0
674	0.0	0.0	0.0	0.0
675	0.0	0.0	0.0	0.0
676	0.0	0.0	0.0	0.0
677	0.0	0.0	0.0	0.0
678	0.0	0.0	0.0	0.0
679	0.0011111111111111111	0.010482201257840672	0.1	0.0
680	0.0	0.0	0.0	0.0
681	0.0	0.0	0.0	0.0
682	0.0	0.0	0.0	0.0
683	0.0	0.0	0.0	0.0
684	0.0	0.0	0.0	0.0
685	0.0	0.0	0.0	0.0
686	0.0	0.0	0.0	0.0
687	0.0	0.0	0.0	0.0
688	0.0	0.0	0.0	0.0
689	0.0	0.0	0.0	0.0
690	0.0	0.0	0.0	0.0
691	0.0	0.0	0.0	0.0
692	0.0011111111111111111	0.010482201257840672	0.1	0.0
693	0.0011111111111111111	0.010482201257840672	0.1	0.0
694	0.0011111111111111111	0.010482201257840672	0.1	0.0
695	0.0	0.0	0.0	0.0
696	0.0	0.0	0.0	0.0
697	0.0	0.0	0.0	0.0
698	0.0	0.0	0.0	0.0
699	0.0	0.0	0.0	0.0
700	0.0	0.0	0.0	0.0
701	0.0	0.0	0.0	0.0
702	0.0	0.0	0.0	0.0
703	0.0	0.0	0.0	0.0
704	0.0	0.0	0.0	0.0
705	0.0	0.0	0.0	0.0
706	0.0	0.0	0.0	0.0
707	0.0	0.0	0.0	0.0
708	0.0	0.0	0.0	0.0
709	0.0	0.0	0.0	0.0
710	0.0011111111111111111	0.010482201257840672	0.1	0.0
711	0.0011111111111111111	0.010482201257840672	0.1	0.0
712	0.0	0.0	0.0	0.0
713	0.0	0.0	0.0	0.0
714	0.0	0.0	0.0	0.0
715	0.0	0.0	0.0	0.0
716	0.0	0.0	0.0	0.0
717	0.0	0.0	0.0	0.0
718	0.0	0.0	0.0	0.0
719	0.0	0.0	0.0	0.0
720	0.0	0.0	0.0	0.0
721	0.0	0.0	0.0	0.0
722	0.0	0.0	0.0	0.0
723	0.0	0.0	0.0	0.0
724	0.0	0.0	0.0	0.0
725	0.0	0.0	0.0	0.0
726	0.0	0.0	0.0	0.0
727	0.0	0.0	0.0	0.0
728	0.0	0.0	0.0	0.0
729	0.0	0.0	0.0	0.0
730	0.0	0.0	0.0	0.0
731	0.0	0.0	0.0	0.0
732	0.0	0.0	0.0	0.0
733	0.0	0.0	0.0	0.0
734	0.0	0.0	0.0	0.0
735	0.0	0.0	0.0	0.0
736	0.0	0.0	0.0	0.0
737	0.0	0.0	0.0	0.0
738	0.0	0.0	0.0	0.0
739	0.0	0.0	0.0	0.0
740	0.0	0.0	0.0	0.0
741	0.0	0.0	0.0	0.0
742	0.0	0.0	0.0	0.0
743	0.003333333333333333	0.031446603773522014	0.3	0.0
744	0.003333333333333333	0.031446603773522014	0.3	0.0
745	0.0	0.0	0.0	0.0
746	0.0	0.0	0.0	0.0
747	0.005555555555555556	0.05241100628920335	0.5	0.0
748	0.0077777777777777776	0.054217212883359345	0.5	0.0
749	0.0022222222222222222	0.014740554623801779	0.1	0.0
750	0.0022222222222222222	0.014740554623801779	0.1	0.0
751	0.0011111111111111111	0.010482201257840672	0.1	0.0
752	0.0011111111111111111	0.010482201257840672	0.1	0.0
753	0.0011111111111111111	0.010482201257840672	0.1	0.0
754	0.0011111111111111111	0.010482201257840672	0.1	0.0
755	0.0011111111111111111	0.010482201257840672	0.1	0.0
756	0.0011111111111111111	0.010482201257840672	0.1	0.0
757	0.0022222222222222222	0.014740554623801779	0.1	0.0
758	0.0022222222222222222	0.014740554623801779	0.1	0.0
759	0.0022222222222222222	0.014740554623801779	0.1	0.0
760	0.008888888888888889	0.046294814791110354	0.3	0.0
761	0.012222222222222221	0.055433198592295216	0.3	0.0
762	0.0077777777777777776	0.04528374193847741	0.3	0.0
763	0.011111111111111112	0.054659439449994865	0.3	0.0
764	0.0077777777777777776	0.04528374193847741	0.3	0.0
765	0.0044444444444444444	0.03303570832737446	0.3	0.0
766	0.003333333333333333	0.031446603773522014	0.3	0.0
767	0.003333333333333333	0.031446603773522014	0.3	0.0
768	0.0	0.0	0.0	0.0
769	0.0	0.0	0.0	0.0
770	0.0	0.0	0.0	0.0
771	0.0	0.0	0.0	0.0
772	0.0	0.0	0.0	0.0
773	0.0	0.0	0.0	0.0
774	0.0	0.0	0.0	0.0
775	0.0	0.0	0.0	0.0
776	0.0	0.0	0.0	0.0
777	0.0	0.0	0.0	0.0
778	0.0	0.0	0.0	0.0
779	0.0	0.0	0.0	0.0
780	0.0	0.0	0.0	0.0
781	0.0	0.0	0.0	0.0
782	0.0	0.0	0.0	0.0
783	0.0	0.0	0.0	0.0
784	0.0	0.0	0.0	0.0
785	0.0	0.0	0.0	0.0
786	0.0	0.0	0.0	0.0
787	0.0	0.0	0.0	0.0
788	0.0	0.0	0.0	0.0
789	0.0	0.0	0.0	0.0
790	0.0	0.0	0.0	0.0
791	0.0	0.0	0.0	0.0
792	0.0	0.0	0.0	0.0
793	0.0	0.0	0.0	0.0
794	0.0	0.0	0.0	0.0
795	0.0	0.0	0.0	0.0
796	0.0	0.0	0.0	0.0
797	0.0	0.0	0.0	0.0
798	0.0	0.0	0.0	0.0
799	0.0011111111111111111	0.010482201257840672	0.1	0.0
800	0.0011111111111111111	0.010482201257840672	0.1	0.0
801	0.0044444444444444444	0.04192880503136269	0.4	0.0
802	0.0044444444444444444	0.04192880503136269	0.4	0.0
803	0.0	0.0	0.0	0.0
804	0.0	0.0	0.0	0.0
805	0.0	0.0	0.0	0.0
806	0.0	0.0	0.0	0.0
807	0.0	0.0	0.0	0.0
808	0.0	0.0	0.0	0.0
809	0.0	0.0	0.0	0.0
810	0.0	0.0	0.0	0.0
811	0.003333333333333333	0.031446603773522014	0.3	0.0
812	0.0	0.0	0.0	0.0
813	0.0	0.0	0.0	0.0
814	0.0	0.0	0.0	0.0
815	0.003333333333333333	0.031446603773522014	0.3	0.0
816	0.0	0.0	0.0	0.0
817	0.0	0.0	0.0	0.0
818	0.0	0.0	0.0	0.0
819	0.0	0.0	0.0	0.0
820	0.0	0.0	0.0	0.0
821	0.0	0.0	0.0	0.0
822	0.0	0.0	0.0	0.0
823	0.0	0.0	0.0	0.0
824	0.0	0.0	0.0	0.0
825	0.0	0.0	0.0	0.0
826	0.0	0.0	0.0	0.0
827	0.0	0.0	0.0	0.0
828	0.0	0.0	0.0	0.0
829	0.0	0.0	0.0	0.0
830	0.0	0.0	0.0	0.0
831	0.0	0.0	0.0	0.0
832	0.0	0.0	0.0	0.0
833	0.0	0.0	0.0	0.0
834	0.0	0.0	0.0	0.0
835	0.0	0.0	0.0	0.0
836	0.0	0.0	0.0	0.0
837	0.0	0.0	0.0	0.0
838	0.0	0.0	0.0	0.0
839	0.0	0.0	0.0	0.0
840	0.0	0.0	0.0	0.0
841	0.0	0.0	0.0	0.0
842	0.0	0.0	0.0	0.0
843	0.0	0.0	0.0	0.0
844	0.0	0.0	0.0	0.0
845	0.0	0.0	0.0	0.0
846	0.0	0.0	0.0	0.0
847	0.0	0.0	0.0	0.0
848	0.0	0.0	0.0	0.0
849	0.0	0.0	0.0	0.0
850	0.0	0.0	0.0	0.0
851	0.0	0.0	0.0	0.0
852	0.0	0.0	0.0	0.0
853	0.0	0.0	0.0	0.0
854	0.0	0.0	0.0	0.0
855	0.0	0.0	0.0	0.0
856	0.0	0.0	0.0	0.0
857	0.0	0.0	0.0	0.0
858	0.0	0.0	0.0	0.0
859	0.0	0.0	0.0	0.0
860	0.0	0.0	0.0	0.0
861	0.0	0.0	0.0	0.0
862	0.0	0.0	0.0	0.0
863	0.0	0.0	0.0	0.0
864	0.0	0.0	0.0	0.0
865	0.0	0.0	0.0	0.0
866	0.0	0.0	0.0	0.0
867	0.0	0.0	0.0	0.0
868	0.0	0.0	0.0	0.0
869	0.0	0.0	0.0	0.0
870	0.0	0.0	0.0	0.0
871	0.0	0.0	0.0	0.0
872	0.0	0.0	0.0	0.0
873	0.0	0.0	0.0	0.0
874	0.0	0.0	0.0	0.0
875	0.0	0.0	0.0	0.0
876	0.0	0.0	0.0	0.0
877	0.0	0.0	0.0	0.0
878	0.0	0.0	0.0	0.0
879	0.0	0.0	0.0	0.0
880	0.0	0.0	0.0	0.0
881	0.0	0.0	0.0	0.0
882	0.0	0.0	0.0	0.0
883	0.0	0.0	0.0	0.0
884	0.0	0.0	0.0	0.0
885	0.0	0.0	0.0	0.0
886	0.0	0.0	0.0	0.0
887	0.0	0.0	0.0	0.0
888	0.0	0.0	0.0	0.0
889	0.0	0.0	0.0	0.0
890	0.0	0.0	0.0	0.0
891	0.0	0.0	0.0	0.0
892	0.0	0.0	0.0	0.0
893	0.0	0.0	0.0	0.0
894	0.0	0.0	0.0	0.0
895	0.0	0.0	0.0	0.0
896	0.0	0.0	0.0	0.0
897	0.0	0.0	0.0	0.0
898	0.0	0.0	0.0	0.0
899	0.0	0.0	0.0	0.0
900	0.0	0.0	0.0	0.0
901	0.0	0.0	0.0	0.0
902	0.0	0.0	0.0	0.0
903	0.0	0.0	0.0	0.0
904	0.0	0.0	0.0	0.0
905	0.0	0.0	0.0	0.0
906	0.0	0.0	0.0	0.0
907	0.0	0.0	0.0	0.0
908	0.0	0.0	0.0	0.0
909	0.0	0.0	0.0	0.0
910	0.0	0.0	0.0	0.0
911	0.0	0.0	0.0	0.0
912	0.0	0.0	0.0	0.0
913	0.0	0.0	0.0	0.0
914	0.0	0.0	0.0	0.0
915	0.0	0.0	0.0	0.0
916	0.0	0.0	0.0	0.0
917	0.0	0.0	0.0	0.0
918	0.0	0.0	0.0	0.0
919	0.0	0.0	0.0	0.0
920	0.0	0.0	0.0	0.0
921	0.0	0.0	0.0	0.0
922	0.0	0.0	0.0	0.0
923	0.0	0.0	0.0	0.0
924	0.0	0.0	0.0	0.0
925	0.0	0.0	0.0	0.0
926	0.0	0.0	0.0	0.0
927	0.0	0.0	0.0	0.0
928	0.0	0.0	0.0	0.0
929	0.0	0.0	0.0	0.0
930	0.0	0.0	0.0	0.0
931	0.0	0.0	0.0	0.0
932	0.0	0.0	0.0	0.0
933	0.0	0.0	0.0	0.0
934	0.0	0.0	0.0	0.0
935	0.0	0.0	0.0	0.0
936	0.0	0.0	0.0	0.0
937	0.0	0.0	0.0	0.0
938	0.0	0.0	0.0	0.0
939	0.0	0.0	0.0	0.0
940	0.0	0.0	0.0	0.0
941	0.0	0.0	0.0	0.0
942	0.0	0.0	0.0	0.0
943	0.0	0.0	0.0	0.0
944	0.0	0.0	0.0	0.0
945	0.0	0.0	0.0	0.0
946	0.0	0.0	0.0	0.0
947	0.0	0.0	0.0	0.0
948	0.0	0.0	0.0	0.0
949	0.0	0.0	0.0	0.0
950	0.0	0.0	0.0	0.0
951	0.0	0.0	0.0	0.0
952	0.0	0.0	0.0	0.0
953	0.0	0.0	0.0	0.0
954	0.0	0.0	0.0	0.0
955	0.0	0.0	0.0	0.0
956	0.0	0.0	0.0	0.0
957	0.0	0.0	0.0	0.0
958	0.0	0.0	0.0	0.0
959	0.0	0.0	0.0	0.0
960	0.0	0.0	0.0	0.0
961	0.0	0.0	0.0	0.0
962	0.0	0.0	0.0	0.0
963	0.0	0.0	0.0	0.0
964	0.0	0.0	0.0	0.0
965	0.0	0.0	0.0	0.0
966	0.0	0.0	0.0	0.0
967	0.0	0.0	0.0	0.0
968	0.0	0.0	0.0	0.0
969	0.0	0.0	0.0	0.0
970	0.0	0.0	0.0	0.0
971	0.0	0.0	0.0	0.0
972	0.0	0.0	0.0	0.0
973	0.0	0.0	0.0	0.0
974	0.0	0.0	0.0	0.0
975	0.0	0.0	0.0	0.0
976	0.0	0.0	0.0	0.0
977	0.0	0.0	0.0	0.0
978	0.0	0.0	0.0	0.0
979	0.0	0.0	0.0	0.0
980	0.0	0.0	0.0	0.0
981	0.0	0.0	0.0	0.0
982	0.0	0.0	0.0	0.0
983	0.0	0.0	0.0	0.0
984	0.0	0.0	0.0	0.0
985	0.0	0.0	0.0	0.0
986	0.0	0.0	0.0	0.0
987	0.0	0.0	0.0	0.0
988	0.0	0.0	0.0	0.0
989	0.0	0.0	0.0	0.0
990	0.0	0.0	0.0	0.0
991	0.0	0.0	0.0	0.0
992	0.0	0.0	0.0	0.0
993	0.0	0.0	0.0	0.0
994	0.0	0.0	0.0	0.0
995	0.0	0.0	0.0	0.0
996	0.0	0.0	0.0	0.0
997	0.0	0.0	0.0	0.0
998	0.0	0.0	0.0	0.0
999	0.0	0.0	0.0	0.0
1000	0.0	0.0	0.0	0.0
