1	0.600000000000001	0.0	0.6	0.6
2	0.5933333333333342	0.03590109871421156	0.6	0.4
3	0.5755555555555562	0.06550845765769736	0.6	0.4
4	0.564444444444445	0.07646511348481755	0.6	0.4
5	0.5511111111111116	0.08595146491472339	0.6	0.4
6	0.5444444444444447	0.08958064164775889	0.6	0.4
7	0.5266666666666667	0.09637888196533866	0.6	0.4
8	0.5222222222222224	0.09749960430435517	0.6	0.4
9	0.5111111111111112	0.0993807989999897	0.6	0.4
10	0.5111111111111112	0.0993807989999897	0.6	0.4
11	0.5022222222222221	0.09997530559290677	0.6	0.4
12	0.5066666666666666	0.09977753031397146	0.6	0.4
13	0.5111111111111111	0.09938079899999026	0.6	0.4
14	0.5111111111111112	0.0993807989999897	0.6	0.4
15	0.508888888888889	0.0996041548045101	0.6	0.4
16	0.49777777777777776	0.1125243457881967	0.6	0.0
17	0.48444444444444423	0.11146609959097362	0.6	0.0
18	0.5022222222222222	0.11252434578819658	0.6	0.0
19	0.5	0.11254628677422703	0.6	0.0
20	0.5011111111111111	0.11204606636403752	0.6	0.0
21	0.5133333333333334	0.12310790208412849	1.0	0.0
22	0.5244444444444446	0.12139111363331097	1.0	0.0
23	0.5244444444444446	0.1593815206848088	1.0	0.0
24	0.5	0.15275252316519425	1.0	0.0
25	0.49888888888888894	0.15810997891372516	1.0	0.0
26	0.4811111111111111	0.15340175607023557	1.0	0.0
27	0.5011111111111112	0.16898023845306318	1.0	0.0
28	0.49555555555555564	0.13409044303596007	0.6	0.0
29	0.4822222222222223	0.16095394633094914	0.9	0.0
30	0.4922222222222223	0.17270898952205194	1.0	0.0
31	0.5033333333333334	0.18586135812600804	1.0	0.0
32	0.5166666666666668	0.16003471845543643	1.0	0.0
33	0.4988888888888892	0.17223655854308323	1.0	0.0
34	0.4944444444444446	0.2125825910668394	1.0	0.0
35	0.48555555555555585	0.21268709991237206	1.0	0.0
36	0.48333333333333356	0.21870832936432244	1.0	0.0
37	0.4877777777777781	0.2174742783144586	1.0	0.0
38	0.4988888888888891	0.184688593430156	1.0	0.0
39	0.48666666666666697	0.20773915267843737	1.0	0.0
40	0.458888888888889	0.23659362461798564	1.0	0.0
41	0.4433333333333336	0.23946700074215677	1.0	0.0
42	0.43111111111111117	0.2425074772934017	1.0	0.0
43	0.44666666666666677	0.2499777767900353	1.0	0.0
44	0.4511111111111112	0.241405350416838	1.0	0.0
45	0.4844444444444444	0.23660145163033183	1.0	0.0
46	0.46555555555555556	0.24044454713491326	1.0	0.0
47	0.4466666666666667	0.24774538901416046	1.0	0.0
48	0.46111111111111125	0.25064115315390806	1.0	0.0
49	0.46333333333333343	0.2536182608216965	1.0	0.0
50	0.4455555555555556	0.24951558005735422	1.0	0.0
51	0.40666666666666684	0.2682453271830757	1.0	0.0
52	0.4033333333333334	0.2693407589735432	1.0	0.0
53	0.42000000000000015	0.27936435786342567	1.0	0.0
54	0.37666666666666687	0.27850792927072365	1.0	0.0
55	0.4044444444444446	0.2551300805955486	1.0	0.0
56	0.4077777777777778	0.2680081996165944	1.0	0.0
57	0.3833333333333334	0.2903063515973731	1.0	0.0
58	0.3933333333333334	0.2920426148507932	1.0	0.0
59	0.38111111111111123	0.2824080752876131	1.0	0.0
60	0.38888888888888895	0.30200972921945707	1.0	0.0
61	0.3822222222222223	0.29536334602120046	1.0	0.0
62	0.37111111111111117	0.2860631027683088	1.0	0.0
63	0.38666666666666677	0.2725191124795957	1.0	0.0
64	0.3544444444444445	0.28641892826616	1.0	0.0
65	0.34888888888888897	0.284895475742886	1.0	0.0
66	0.34111111111111114	0.2812252732614685	1.0	0.0
67	0.37555555555555553	0.28840985925169105	1.0	0.0
68	0.3855555555555554	0.2908077299565286	1.0	0.0
69	0.33333333333333315	0.27848798098940586	1.0	0.0
70	0.3199999999999999	0.2809507667427399	1.0	0.0
71	0.341111111111111	0.29623355817269326	1.0	0.0
72	0.3288888888888888	0.30704485537112763	1.0	0.0
73	0.3444444444444444	0.31661792997277804	1.0	0.0
74	0.3744444444444443	0.3153696635558947	1.0	0.0
75	0.34888888888888886	0.3170154025155541	1.0	0.0
76	0.32888888888888884	0.3120699510061609	1.0	0.0
77	0.3433333333333332	0.3293259108475305	1.0	0.0
78	0.36555555555555547	0.33003740902816575	1.0	0.0
79	0.34999999999999987	0.3509510887099037	1.0	0.0
80	0.37111111111111095	0.3297286576176252	1.0	0.0
81	0.34333333333333316	0.29666666666666686	1.0	0.0
82	0.30999999999999983	0.3040650515194992	1.0	0.0
83	0.3166666666666666	0.3092104641035151	1.0	0.0
84	0.26111111111111107	0.28623783601304725	1.0	0.0
85	0.2677777777777778	0.2984507321253758	1.0	0.0
86	0.28666666666666657	0.3008137112714261	1.0	0.0
87	0.26333333333333325	0.2713955702577984	1.0	0.0
88	0.2799999999999999	0.29257477676655597	1.0	0.0
89	0.2966666666666665	0.32230075671300856	1.0	0.0
90	0.33111111111111097	0.353284413105376	1.0	0.0
91	0.26777777777777767	0.3224309668674239	1.0	0.0
92	0.2744444444444443	0.3328533581394236	1.0	0.0
93	0.2977777777777777	0.32006172244246817	1.0	0.0
94	0.3399999999999998	0.32103997674225365	1.0	0.0
95	0.3077777777777776	0.33106822988548185	1.0	0.0
96	0.261111111111111	0.2803547135899428	1.0	0.0
97	0.2699999999999999	0.29606680927715556	1.0	0.0
98	0.3144444444444443	0.33584424667498985	1.0	0.0
99	0.30777777777777765	0.33507139464026603	1.0	0.0
100	0.2933333333333332	0.3292415526630866	1.0	0.0
101	0.31111111111111106	0.3205704791442366	1.0	0.0
102	0.3388888888888889	0.32819182887940684	1.0	0.0
103	0.28222222222222215	0.29723831732122064	1.0	0.0
104	0.301111111111111	0.32472020244595695	1.0	0.0
105	0.30666666666666653	0.3282275633357647	1.0	0.0
106	0.2766666666666666	0.31342197327777344	1.0	0.0
107	0.28222222222222215	0.32406370353777253	1.0	0.0
108	0.28444444444444433	0.329279047857626	1.0	0.0
109	0.27222222222222214	0.31482897571636786	1.0	0.0
110	0.2944444444444444	0.2964085435532486	1.0	0.0
111	0.28333333333333327	0.2876147114148062	1.0	0.0
112	0.28333333333333344	0.29373079133413593	1.0	0.0
113	0.3077777777777778	0.3145465087595783	1.0	0.0
114	0.3255555555555556	0.32061091376416256	1.0	0.0
115	0.33444444444444443	0.3280112163092771	1.0	0.0
116	0.27777777777777773	0.31509355851442594	1.0	0.0
117	0.27888888888888885	0.3110892849486728	1.0	0.0
118	0.33666666666666667	0.31603445663056706	1.0	0.0
119	0.3033333333333333	0.3181369376716748	1.0	0.0
120	0.3622222222222222	0.3254322861049686	1.0	0.0
121	0.3277777777777777	0.33167178481068615	1.0	0.0
122	0.28222222222222215	0.31643071131249007	1.0	0.0
123	0.28222222222222215	0.2979850025226019	1.0	0.0
124	0.28333333333333327	0.3026732745240503	1.0	0.0
125	0.29222222222222216	0.30119310076862205	1.0	0.0
126	0.25333333333333324	0.2777688887466622	1.0	0.0
127	0.2644444444444443	0.27701227855301985	1.0	0.0
128	0.261111111111111	0.26778699845812143	1.0	0.0
129	0.27333333333333326	0.2862788073811186	1.0	0.0
130	0.2644444444444443	0.30159248115852977	1.0	0.0
131	0.2933333333333332	0.3065217048686041	1.0	0.0
132	0.3133333333333332	0.3041198594121879	1.0	0.0
133	0.2644444444444443	0.29185655194560967	1.0	0.0
134	0.2577777777777777	0.2840100850235107	1.0	0.0
135	0.24999999999999997	0.3138470965295044	1.0	0.0
136	0.281111111111111	0.3133668224814153	1.0	0.0
137	0.2699999999999999	0.2960668092771555	1.0	0.0
138	0.2599999999999999	0.3129785225148135	1.0	0.0
139	0.25555555555555554	0.29367824839481543	1.0	0.0
140	0.2677777777777778	0.2905274046273538	1.0	0.0
141	0.22555555555555554	0.284628846477151	1.0	0.0
142	0.25444444444444436	0.3088189369233519	1.0	0.0
143	0.2766666666666665	0.32181775380899486	1.0	0.0
144	0.2722222222222221	0.30913060087131755	1.0	0.0
145	0.26555555555555543	0.2952065608692446	1.0	0.0
146	0.2766666666666666	0.29478805945967357	1.0	0.0
147	0.2677777777777776	0.29658342569176355	1.0	0.0
148	0.2499999999999999	0.29107081994288314	1.0	0.0
149	0.22999999999999995	0.29000000000000004	1.0	0.0
150	0.27555555555555544	0.30416045148393905	1.0	0.0
151	0.2799999999999999	0.31240998703626627	1.0	0.0
152	0.2622222222222222	0.3068035121404715	1.0	0.0
153	0.28444444444444444	0.30619932183360243	1.0	0.0
154	0.2722222222222222	0.3073281914890833	1.0	0.0
155	0.2466666666666667	0.294089933334837	1.0	0.0
156	0.2377777777777778	0.29004895287128407	1.0	0.0
157	0.27777777777777773	0.29805956816186846	1.0	0.0
158	0.28888888888888875	0.29342591131680723	1.0	0.0
159	0.27666666666666667	0.271231758219178	1.0	0.0
160	0.29444444444444434	0.27380492289670244	1.0	0.0
161	0.31444444444444436	0.2677316696126558	1.0	0.0
162	0.2744444444444445	0.24338406371234694	0.6	0.0
163	0.2744444444444445	0.24924825246734358	0.9	0.0
164	0.19888888888888887	0.250108618379404	1.0	0.0
165	0.2111111111111111	0.26095740156603875	1.0	0.0
166	0.21111111111111103	0.25449053439915104	1.0	0.0
167	0.2111111111111111	0.2557969874049187	1.0	0.0
168	0.2244444444444444	0.2548686420322399	1.0	0.0
169	0.2422222222222223	0.2699702772848965	1.0	0.0
170	0.2611111111111112	0.2897103704830603	1.0	0.0
171	0.2633333333333333	0.27826845551253804	1.0	0.0
172	0.23222222222222214	0.2640823851998455	1.0	0.0
173	0.25111111111111106	0.2737575750121689	1.0	0.0
174	0.2366666666666666	0.28730548975688663	1.0	0.0
175	0.20222222222222222	0.2808628679930545	1.0	0.0
176	0.22888888888888884	0.28876920597769373	1.0	0.0
177	0.21999999999999997	0.27495454169735045	1.0	0.0
178	0.22555555555555556	0.2869615193370827	1.0	0.0
179	0.20777777777777773	0.28449869274363904	1.0	0.0
180	0.21888888888888886	0.2736154821985874	1.0	0.0
181	0.22777777777777777	0.2654253516225431	1.0	0.0
182	0.16555555555555557	0.24592732038872842	1.0	0.0
183	0.17555555555555558	0.25047116095298444	1.0	0.0
184	0.18888888888888888	0.263077700581425	1.0	0.0
185	0.18444444444444447	0.2628523502361951	1.0	0.0
186	0.20111111111111105	0.28693570493306014	1.0	0.0
187	0.2544444444444444	0.3033740306439162	1.0	0.0
188	0.2666666666666667	0.2890597785157173	1.0	0.0
189	0.21222222222222223	0.28198809185959833	1.0	0.0
190	0.2	0.2720294101747089	1.0	0.0
191	0.19777777777777777	0.27202033329954417	1.0	0.0
192	0.18999999999999997	0.27245794782559263	1.0	0.0
193	0.19666666666666666	0.24740879352018016	1.0	0.0
194	0.18666666666666668	0.2381409479932234	1.0	0.0
195	0.1877777777777778	0.24259146168806237	1.0	0.0
196	0.1466666666666667	0.2450396793265214	1.0	0.0
197	0.19555555555555554	0.25250351421585804	1.0	0.0
198	0.25444444444444436	0.28486297334024824	1.0	0.0
199	0.2277777777777777	0.26500640569942546	1.0	0.0
200	0.19777777777777775	0.23663275709080325	0.9	0.0
201	0.16444444444444448	0.2177210810551024	0.9	0.0
202	0.15888888888888894	0.20488177861849152	0.6	0.0
203	0.16888888888888895	0.2288349450996623	1.0	0.0
204	0.1788888888888889	0.2364056985797671	1.0	0.0
205	0.1677777777777778	0.22697419225677912	1.0	0.0
206	0.20222222222222216	0.26748947135158546	1.0	0.0
207	0.21111111111111108	0.25709680167613685	1.0	0.0
208	0.18111111111111117	0.2430795226278587	1.0	0.0
209	0.16000000000000003	0.23084386257574382	1.0	0.0
210	0.16000000000000003	0.22939534045447008	1.0	0.0
211	0.17222222222222228	0.23143406921856113	1.0	0.0
212	0.18111111111111117	0.24715916798894522	1.0	0.0
213	0.1911111111111111	0.23411509251479265	1.0	0.0
214	0.15555555555555559	0.22954598237540855	1.0	0.0
215	0.20444444444444443	0.25338206159040244	1.0	0.0
216	0.23333333333333336	0.2800793538346667	1.0	0.0
217	0.22111111111111106	0.26645593525402805	1.0	0.0
218	0.2077777777777778	0.270073149670306	1.0	0.0
219	0.18333333333333332	0.2663539833463064	1.0	0.0
220	0.22000000000000006	0.27129319932501067	1.0	0.0
221	0.2455555555555556	0.2725032562949624	1.0	0.0
222	0.25222222222222224	0.27253043776094593	1.0	0.0
223	0.2711111111111111	0.2952379245604559	1.0	0.0
224	0.22555555555555554	0.2927118837928865	1.0	0.0
225	0.19	0.2564934480428085	1.0	0.0
226	0.16444444444444448	0.2353772910367576	1.0	0.0
227	0.17222222222222225	0.24721910110389383	1.0	0.0
228	0.17333333333333334	0.25245461638348654	1.0	0.0
229	0.19333333333333336	0.2506879423595089	1.0	0.0
230	0.20777777777777778	0.24459843634358833	1.0	0.0
231	0.23888888888888876	0.26695586170519936	1.0	0.0
232	0.23444444444444434	0.26168730751333796	1.0	0.0
233	0.22555555555555548	0.24292710891729155	1.0	0.0
234	0.20111111111111107	0.24787740896770571	1.0	0.0
235	0.2266666666666666	0.26195843605851343	1.0	0.0
236	0.19444444444444445	0.2561948525422317	1.0	0.0
237	0.21222222222222215	0.2533455162762586	1.0	0.0
238	0.21555555555555542	0.26453779864809557	1.0	0.0
239	0.19555555555555554	0.24940422838396803	1.0	0.0
240	0.19777777777777775	0.2520924776425323	1.0	0.0
241	0.2044444444444444	0.23613137167974543	1.0	0.0
242	0.22555555555555545	0.23784267027274394	1.0	0.0
243	0.22444444444444436	0.24326990548273805	1.0	0.0
244	0.24333333333333323	0.28830924754891624	1.0	0.0
245	0.25666666666666654	0.28442925306655803	1.0	0.0
246	0.2166666666666666	0.2642599730063814	1.0	0.0
247	0.19	0.2525646231935283	1.0	0.0
248	0.24333333333333323	0.26248809496813386	1.0	0.0
249	0.21444444444444438	0.24565608801787703	1.0	0.0
250	0.21333333333333324	0.23342855200015478	0.9	0.0
251	0.21666666666666654	0.2381642757052835	0.9	0.0
252	0.21555555555555547	0.23185776823595558	0.9	0.0
253	0.2088888888888888	0.21840047031107523	0.9	0.0
254	0.19333333333333333	0.23842072989663562	1.0	0.0
255	0.18888888888888888	0.2335448776499781	1.0	0.0
256	0.21999999999999992	0.2535087112244207	1.0	0.0
257	0.231111111111111	0.24794463738882647	1.0	0.0
258	0.23222222222222222	0.26112056720466115	1.0	0.0
259	0.2244444444444444	0.27010743175884305	1.0	0.0
260	0.20222222222222222	0.2560285477909654	1.0	0.0
261	0.23777777777777767	0.2580171302572233	1.0	0.0
262	0.1866666666666667	0.22764494771951835	1.0	0.0
263	0.18000000000000008	0.23151673805580456	1.0	0.0
264	0.15333333333333338	0.22320892057044284	1.0	0.0
265	0.1877777777777778	0.24259146168806237	1.0	0.0
266	0.16444444444444442	0.22376133670156054	1.0	0.0
267	0.22555555555555556	0.2592986742525611	1.0	0.0
268	0.21000000000000002	0.2445176658012441	1.0	0.0
269	0.19777777777777775	0.22409213272807532	0.6	0.0
270	0.18888888888888888	0.2177891153511399	0.6	0.0
271	0.17111111111111116	0.20615228699216212	0.6	0.0
272	0.1655555555555556	0.20174852945140018	0.6	0.0
273	0.15444444444444447	0.2044836918849853	0.6	0.0
274	0.19444444444444453	0.23492841042473206	1.0	0.0
275	0.20666666666666664	0.24979991993593603	1.0	0.0
276	0.1566666666666667	0.22757172251597718	1.0	0.0
277	0.1388888888888889	0.20853693754581626	1.0	0.0
278	0.12444444444444448	0.1887450432674318	0.6	0.0
279	0.1644444444444445	0.20672639519213748	0.6	0.0
280	0.1644444444444445	0.2067263951921375	0.6	0.0
281	0.1777777777777778	0.22299864363203736	1.0	0.0
282	0.17111111111111116	0.2324958515493434	1.0	0.0
283	0.16555555555555562	0.2114295843438247	0.9	0.0
284	0.17555555555555558	0.2306084276724948	0.9	0.0
285	0.19666666666666666	0.24919871588754228	1.0	0.0
286	0.18555555555555556	0.24384016217874785	1.0	0.0
287	0.20111111111111105	0.27263913652561356	1.0	0.0
288	0.1577777777777778	0.24493889386619486	1.0	0.0
289	0.16111111111111112	0.2406908780270497	1.0	0.0
290	0.15777777777777782	0.23284605204000625	1.0	0.0
291	0.1755555555555556	0.2522393533095593	1.0	0.0
292	0.1644444444444445	0.2257388417870483	1.0	0.0
293	0.15777777777777782	0.20868784651711422	0.6	0.0
294	0.1477777777777778	0.20012650320222614	0.6	0.0
295	0.16888888888888895	0.2204260745034209	1.0	0.0
296	0.19555555555555557	0.2332910014510305	0.9	0.0
297	0.1644444444444445	0.21255645582663502	0.8	0.0
298	0.14888888888888893	0.20561260469600726	0.6	0.0
299	0.17555555555555558	0.22524609312735222	1.0	0.0
300	0.19888888888888892	0.2447195421722337	1.0	0.0
301	0.17555555555555558	0.228673037380211	1.0	0.0
302	0.15777777777777782	0.22458741321106912	1.0	0.0
303	0.19111111111111115	0.2411290315920985	1.0	0.0
304	0.21222222222222223	0.23037543164619978	1.0	0.0
305	0.2166666666666667	0.24369835635245654	1.0	0.0
306	0.17666666666666672	0.21189620100417092	0.6	0.0
307	0.1488888888888889	0.20013575639463912	0.6	0.0
308	0.15111111111111114	0.19734034021594074	0.6	0.0
309	0.1877777777777778	0.23982761298611405	1.0	0.0
310	0.18666666666666668	0.23579652245103197	1.0	0.0
311	0.17777777777777778	0.2107013567312633	1.0	0.0
312	0.1577777777777778	0.20054247418095072	1.0	0.0
313	0.1666666666666667	0.19776529298921772	0.6	0.0
314	0.16000000000000003	0.19020456823582807	0.6	0.0
315	0.14222222222222225	0.18072556098975523	0.6	0.0
316	0.1377777777777778	0.18047947114886181	0.6	0.0
317	0.12000000000000002	0.17397317800933187	0.4	0.0
318	0.1566666666666667	0.19553345834749958	0.6	0.0
319	0.16222222222222227	0.20416647770210455	0.6	0.0
320	0.17000000000000004	0.21000000000000002	0.6	0.0
321	0.1555555555555556	0.20445652138242615	0.6	0.0
322	0.18000000000000002	0.2050474199897294	0.6	0.0
323	0.15888888888888894	0.19714317664774866	0.6	0.0
324	0.14888888888888893	0.20013575639463912	0.6	0.0
325	0.1455555555555556	0.20174852945140015	0.7	0.0
326	0.1366666666666667	0.2008039397577205	0.7	0.0
327	0.14555555555555558	0.2114295843438247	0.7	0.0
328	0.16555555555555557	0.20984709306810953	0.6	0.0
329	0.15000000000000002	0.20989415321908222	0.6	0.0
330	0.1644444444444445	0.21772108105510243	0.6	0.0
331	0.19222222222222218	0.22911800830226134	0.6	0.0
332	0.16333333333333336	0.2188099124303508	0.6	0.0
333	0.17777777777777778	0.22299864363203745	0.6	0.0
334	0.15444444444444447	0.21559278029094636	0.6	0.0
335	0.15555555555555559	0.21192824315535105	0.6	0.0
336	0.1488888888888889	0.20561260469600728	0.6	0.0
337	0.1477777777777778	0.19901299665978145	0.6	0.0
338	0.1355555555555556	0.19850055197858388	0.6	0.0
339	0.12222222222222225	0.19876159799998133	0.6	0.0
340	0.10666666666666669	0.19078784028338913	0.6	0.0
341	0.1255555555555556	0.19808029298528365	0.6	0.0
342	0.11444444444444445	0.18532920325800498	0.6	0.0
343	0.11777777777777779	0.18831284713227012	0.6	0.0
344	0.13777777777777783	0.18772188517282556	0.6	0.0
345	0.17222222222222228	0.20277397256703653	0.6	0.0
346	0.18555555555555558	0.21005878072107514	0.6	0.0
347	0.19	0.2155355088043629	0.8	0.0
348	0.18555555555555556	0.21424861524827296	0.8	0.0
349	0.19555555555555548	0.2205604533461223	0.8	0.0
350	0.18555555555555558	0.21216404089032997	0.8	0.0
351	0.17666666666666672	0.20442330808615952	0.6	0.0
352	0.19444444444444445	0.2110087471125894	0.6	0.0
353	0.19222222222222218	0.21355601803626656	0.6	0.0
354	0.18000000000000002	0.21919042963698135	0.6	0.0
355	0.18444444444444447	0.2220666121840778	0.6	0.0
356	0.18222222222222217	0.22239992894572105	0.6	0.0
357	0.18888888888888888	0.2198203531393784	0.6	0.0
358	0.17555555555555558	0.2166980034318684	0.6	0.0
359	0.15333333333333335	0.20558858593479037	0.6	0.0
360	0.16222222222222224	0.20953799855755564	0.6	0.0
361	0.16555555555555557	0.20339404072506437	0.6	0.0
362	0.1666666666666667	0.20221001184137471	0.6	0.0
363	0.14555555555555558	0.1961638267203723	0.6	0.0
364	0.15777777777777782	0.1977528074124516	0.6	0.0
365	0.16000000000000006	0.1953913451967046	0.6	0.0
366	0.17444444444444449	0.19864044072483839	0.6	0.0
367	0.16333333333333336	0.19000000000000003	0.6	0.0
368	0.19333333333333336	0.2053722906766582	0.6	0.0
369	0.17444444444444449	0.2068607213191798	0.6	0.0
370	0.1444444444444445	0.20006171887201382	0.6	0.0
371	0.14111111111111113	0.20049629780147757	0.6	0.0
372	0.12444444444444448	0.18815543876221724	0.6	0.0
373	0.14444444444444446	0.1949992086087139	0.6	0.0
374	0.13	0.1905838981189708	0.6	0.0
375	0.14666666666666667	0.2001110802640485	0.6	0.0
376	0.15666666666666668	0.20658600576461558	0.6	0.0
377	0.14444444444444443	0.20445652138242618	0.6	0.0
378	0.14888888888888893	0.20398499097534087	0.6	0.0
379	0.13111111111111112	0.1901136761954363	0.6	0.0
380	0.12000000000000001	0.18808981306221179	0.6	0.0
381	0.14222222222222228	0.19492322008523014	0.6	0.0
382	0.1366666666666667	0.2013565108071861	0.6	0.0
383	0.15222222222222223	0.2119894010860909	0.6	0.0
384	0.13333333333333336	0.19090428084368474	0.6	0.0
385	0.12000000000000005	0.18269586141392963	0.6	0.0
386	0.12333333333333335	0.1966666666666667	0.6	0.0
387	0.13222222222222224	0.19483769757175265	0.6	0.0
388	0.11555555555555556	0.18909792355115387	0.6	0.0
389	0.1366666666666667	0.2002498439450079	0.6	0.0
390	0.1477777777777778	0.20614330386504207	0.6	0.0
391	0.11333333333333334	0.1863091814997616	0.6	0.0
392	0.11777777777777779	0.19182038924054728	0.6	0.0
393	0.1111111111111111	0.1834511406005815	0.6	0.0
394	0.09444444444444444	0.1715038782270348	0.6	0.0
395	0.11444444444444445	0.1871191605552825	0.6	0.0
396	0.13222222222222224	0.1872774399284998	0.6	0.0
397	0.11333333333333334	0.1765093639316497	0.6	0.0
398	0.09888888888888889	0.16565992236066998	0.6	0.0
399	0.11111111111111113	0.1791612832955233	0.6	0.0
400	0.11777777777777779	0.17799986128445147	0.6	0.0
401	0.12111111111111111	0.18348142167196502	0.6	0.0
402	0.1355555555555556	0.1863754341889934	0.6	0.0
403	0.11333333333333334	0.17650936393164973	0.6	0.0
404	0.12333333333333335	0.18381754238616319	0.6	0.0
405	0.13111111111111112	0.19301378444985304	0.6	0.0
406	0.13666666666666671	0.1923249564900221	0.6	0.0
407	0.11999999999999998	0.18867962264113208	0.6	0.0
408	0.12666666666666668	0.1854723699099141	0.6	0.0
409	0.12666666666666668	0.1878533707147383	0.6	0.0
410	0.15000000000000002	0.19220937657784662	0.6	0.0
411	0.1388888888888889	0.18420667405235921	0.6	0.0
412	0.12555555555555556	0.18352178866167435	0.6	0.0
413	0.1255555555555556	0.18291534843024526	0.6	0.0
414	0.12666666666666668	0.18245242911205348	0.6	0.0
415	0.14222222222222222	0.19320557720140585	0.6	0.0
416	0.1277777777777778	0.1825910900696951	0.6	0.0
417	0.13777777777777778	0.17737454269162115	0.6	0.0
418	0.14555555555555558	0.1856885750755287	0.6	0.0
419	0.1444444444444445	0.18385447814998274	0.6	0.0
420	0.16222222222222227	0.1906583784782369	0.6	0.0
421	0.1488888888888889	0.1898797540225243	0.6	0.0
422	0.15000000000000002	0.19046726169548878	0.6	0.0
423	0.12111111111111116	0.177322333270638	0.5	0.0
424	0.15333333333333338	0.18269586141392963	0.4	0.0
425	0.14222222222222225	0.18072556098975523	0.6	0.0
426	0.15333333333333335	0.192180470738661	0.6	0.0
427	0.1488888888888889	0.192783381282634	0.6	0.0
428	0.13000000000000003	0.1822391591044886	0.6	0.0
429	0.16000000000000006	0.2021000852163216	0.6	0.0
430	0.15222222222222226	0.20123384836650882	0.6	0.0
431	0.15444444444444447	0.20119703505166334	0.6	0.0
432	0.1477777777777778	0.19392311063796955	0.6	0.0
433	0.1444444444444445	0.1903862221387013	0.6	0.0
434	0.17000000000000004	0.18941430193567166	0.6	0.0
435	0.12222222222222225	0.17177360926378119	0.6	0.0
436	0.1666666666666667	0.1955050439815358	0.6	0.0
437	0.13888888888888892	0.17931625968565798	0.6	0.0
438	0.15555555555555559	0.1955681814105938	0.6	0.0
439	0.14444444444444451	0.186851760085137	0.6	0.0
440	0.13777777777777783	0.1889019603320303	0.6	0.0
441	0.16111111111111118	0.19361728828022476	0.6	0.0
442	0.16111111111111118	0.19589931906435143	0.6	0.0
443	0.16333333333333339	0.18941430193567166	0.6	0.0
444	0.15555555555555559	0.1909689393657229	0.6	0.0
445	0.15555555555555559	0.2006163342807532	0.6	0.0
446	0.16666666666666666	0.210818510677892	0.6	0.0
447	0.15111111111111114	0.19104650070623844	0.6	0.0
448	0.15333333333333335	0.2001110802640485	0.6	0.0
449	0.16000000000000003	0.19708993998792648	0.6	0.0
450	0.1555555555555556	0.19442857078064035	0.6	0.0
451	0.17666666666666675	0.19610088106776968	0.6	0.0
452	0.1544444444444445	0.19559658660456744	0.6	0.0
453	0.15222222222222231	0.19449523146269784	0.6	0.0
454	0.13666666666666671	0.19174636024359545	0.6	0.0
455	0.12888888888888894	0.18752448399813143	0.6	0.0
456	0.14000000000000007	0.18785337071473832	0.4	0.0
457	0.14222222222222228	0.18497914463694898	0.4	0.0
458	0.15222222222222223	0.18692112286427	0.6	0.0
459	0.1444444444444445	0.18980171589852582	0.6	0.0
460	0.15888888888888894	0.19200372938764873	0.6	0.0
461	0.15111111111111114	0.18929368390263873	0.6	0.0
462	0.1488888888888889	0.18393503952600251	0.6	0.0
463	0.13111111111111115	0.17678891647287825	0.4	0.0
464	0.1477777777777778	0.18026386695174126	0.4	0.0
465	0.16000000000000006	0.18903262505010435	0.6	0.0
466	0.14888888888888896	0.18811606608949608	0.6	0.0
467	0.13333333333333336	0.19032136564826935	0.6	0.0
468	0.1377777777777778	0.1900747091586053	0.6	0.0
469	0.14333333333333337	0.19382122346808842	0.6	0.0
470	0.16111111111111115	0.19246612656917897	0.6	0.0
471	0.1733333333333334	0.19539134519670462	0.6	0.0
472	0.19	0.20058248511107182	0.6	0.0
473	0.1644444444444445	0.19905951712496614	0.6	0.0
474	0.1588888888888889	0.20379425596770906	0.6	0.0
475	0.14333333333333337	0.18681541692269402	0.6	0.0
476	0.13666666666666671	0.18586135812600865	0.6	0.0
477	0.1633333333333334	0.1929018172830705	0.6	0.0
478	0.13333333333333336	0.18257418583505536	0.6	0.0
479	0.16111111111111118	0.19246612656917897	0.6	0.0
480	0.14111111111111116	0.18612686500487569	0.6	0.0
481	0.1444444444444445	0.1862561623804468	0.6	0.0
482	0.16000000000000003	0.19821424996424677	0.6	0.0
483	0.16111111111111115	0.19476164603286786	0.6	0.0
484	0.15000000000000005	0.19393584277051812	0.6	0.0
485	0.12111111111111116	0.171590238290362	0.4	0.0
486	0.14111111111111113	0.17568560583828557	0.4	0.0
487	0.11333333333333334	0.16069294390925265	0.4	0.0
488	0.13222222222222224	0.17115800223301003	0.6	0.0
489	0.1477777777777778	0.18512925081189316	0.6	0.0
490	0.15555555555555559	0.19038622213870127	0.6	0.0
491	0.13111111111111115	0.18174734871637632	0.6	0.0
492	0.11777777777777779	0.1690350244954366	0.6	0.0
493	0.13222222222222227	0.1762748975497443	0.4	0.0
494	0.12333333333333336	0.16868774571839995	0.4	0.0
495	0.13444444444444448	0.17394833914515548	0.4	0.0
496	0.13777777777777783	0.18047947114886184	0.4	0.0
497	0.13000000000000006	0.17978382080215735	0.4	0.0
498	0.15555555555555564	0.18565865399293713	0.4	0.0
499	0.15777777777777782	0.19262962606906078	0.6	0.0
500	0.10777777777777783	0.17011615494373106	0.4	0.0
501	0.11222222222222228	0.17245146033837902	0.4	0.0
502	0.12111111111111114	0.16766000281286494	0.4	0.0
503	0.13000000000000003	0.16696639715157588	0.4	0.0
504	0.1455555555555556	0.175854176401997	0.6	0.0
505	0.13111111111111115	0.16907884054779782	0.6	0.0
506	0.12333333333333336	0.16468825769380835	0.4	0.0
507	0.12111111111111116	0.16766000281286494	0.4	0.0
508	0.1244444444444445	0.16418899077391888	0.4	0.0
509	0.12666666666666668	0.1658647373949964	0.4	0.0
510	0.1377777777777778	0.16903502449543656	0.4	0.0
511	0.1377777777777778	0.17548521797688565	0.6	0.0
512	0.11444444444444445	0.15955571030633164	0.4	0.0
513	0.08333333333333334	0.14161763857498672	0.4	0.0
514	0.1066666666666667	0.16248076809271925	0.4	0.0
515	0.10111111111111112	0.16295496613375834	0.4	0.0
516	0.10111111111111112	0.16227168195785766	0.4	0.0
517	0.11555555555555558	0.17250514395622535	0.4	0.0
518	0.10333333333333332	0.1656301099840646	0.6	0.0
519	0.09777777777777778	0.15984560451870622	0.4	0.0
520	0.10666666666666666	0.1730767331432956	0.6	0.0
521	0.1088888888888889	0.17103894582127874	0.6	0.0
522	0.1188888888888889	0.17694597068938836	0.6	0.0
523	0.12111111111111114	0.17543244628596086	0.6	0.0
524	0.10222222222222223	0.16260229448823751	0.4	0.0
525	0.11666666666666667	0.17336538165261128	0.6	0.0
526	0.09222222222222223	0.15436448769625868	0.4	0.0
527	0.10777777777777779	0.16480815633657742	0.4	0.0
528	0.11666666666666667	0.16749792701868155	0.4	0.0
529	0.11444444444444445	0.16435808543212466	0.4	0.0
530	0.13333333333333336	0.1837873166945363	0.6	0.0
531	0.15000000000000005	0.1945079261452688	0.6	0.0
532	0.1366666666666667	0.18882678717691398	0.6	0.0
533	0.12555555555555556	0.179233622286737	0.6	0.0
534	0.12333333333333336	0.18076995817275	0.6	0.0
535	0.12777777777777782	0.18440762684744408	0.6	0.0
536	0.14555555555555558	0.1892447627991686	0.6	0.0
537	0.12000000000000002	0.17838784213679537	0.6	0.0
538	0.11222222222222224	0.1762748975497443	0.6	0.0
539	0.12444444444444445	0.18276342395512968	0.6	0.0
540	0.12777777777777777	0.18500917561496352	0.6	0.0
541	0.1366666666666667	0.18941430193567166	0.6	0.0
542	0.15222222222222226	0.19103680726078695	0.6	0.0
543	0.1600000000000001	0.19020456823582807	0.6	0.0
544	0.13666666666666674	0.17978382080215735	0.4	0.0
545	0.1255555555555556	0.18046921012313746	0.6	0.0
546	0.14222222222222228	0.18557884085433746	0.6	0.0
547	0.13444444444444453	0.18508923440156647	0.6	0.0
548	0.11222222222222225	0.16919927618559247	0.4	0.0
549	0.11888888888888892	0.17631691444948688	0.6	0.0
550	0.11333333333333334	0.17713773674115232	0.6	0.0
551	0.11888888888888892	0.17694597068938836	0.6	0.0
552	0.1188888888888889	0.17694597068938836	0.6	0.0
553	0.1255555555555556	0.17673653405319403	0.6	0.0
554	0.09444444444444444	0.16080430557468925	0.6	0.0
555	0.09000000000000001	0.15849991237291655	0.6	0.0
556	0.1	0.16931233465600395	0.6	0.0
557	0.09666666666666666	0.17091258324392358	0.6	0.0
558	0.09888888888888887	0.17416112874413767	0.6	0.0
559	0.1133333333333333	0.18208667044996882	0.6	0.0
560	0.13555555555555554	0.191085269570717	0.6	0.0
561	0.11444444444444445	0.18108384252796095	0.6	0.0
562	0.09666666666666666	0.16224124698183942	0.6	0.0
563	0.09777777777777778	0.16191752206174997	0.6	0.0
564	0.10999999999999999	0.17387735140993302	0.6	0.0
565	0.10111111111111111	0.171590238290362	0.6	0.0
566	0.10777777777777776	0.16946174775039138	0.6	0.0
567	0.10444444444444445	0.16593915291195085	0.6	0.0
568	0.11222222222222224	0.17050759369064136	0.6	0.0
569	0.11111111111111113	0.1785400325133737	0.6	0.0
570	0.11333333333333334	0.18208667044996887	0.6	0.0
571	0.12444444444444444	0.1857783094091277	0.6	0.0
572	0.09888888888888892	0.16699597097231914	0.6	0.0
573	0.09666666666666669	0.15595583420386114	0.4	0.0
574	0.08666666666666667	0.1536229149573722	0.6	0.0
575	0.09555555555555555	0.1597992567853049	0.6	0.0
576	0.11666666666666668	0.1796601730428249	0.6	0.0
577	0.10888888888888891	0.17297684138150113	0.6	0.0
578	0.12222222222222226	0.18304691431298747	0.6	0.0
579	0.11666666666666668	0.17654083569153817	0.6	0.0
580	0.09888888888888892	0.16227168195785766	0.6	0.0
581	0.10111111111111111	0.16766000281286494	0.6	0.0
582	0.07777777777777779	0.14589020055262092	0.6	0.0
583	0.09666666666666668	0.1587800715175274	0.6	0.0
584	0.07444444444444445	0.14107611114502155	0.4	0.0
585	0.0811111111111111	0.1467381980447903	0.6	0.0
586	0.0811111111111111	0.1405500657689434	0.4	0.0
587	0.09888888888888889	0.1608964086640459	0.6	0.0
588	0.10333333333333332	0.1709125832439236	0.6	0.0
589	0.11555555555555558	0.17378857596459693	0.6	0.0
590	0.11444444444444445	0.16704032188607182	0.6	0.0
591	0.10444444444444445	0.16049306742460256	0.6	0.0
592	0.10888888888888888	0.16709574397428859	0.6	0.0
593	0.1133333333333333	0.17713773674115232	0.6	0.0
594	0.08777777777777779	0.15042737470862277	0.4	0.0
595	0.09444444444444444	0.16624019510676655	0.6	0.0
596	0.09222222222222225	0.15650898290000823	0.6	0.0
597	0.08222222222222225	0.1480073404919708	0.4	0.0
598	0.07666666666666669	0.15278888848487787	0.6	0.0
599	0.0888888888888889	0.16016966313148795	0.6	0.0
600	0.07000000000000002	0.14177446878757827	0.4	0.0
601	0.09222222222222223	0.15932341515698173	0.4	0.0
602	0.12111111111111114	0.17543244628596089	0.4	0.0
603	0.13555555555555557	0.18637543418899338	0.6	0.0
604	0.14111111111111113	0.18612686500487569	0.6	0.0
605	0.12111111111111114	0.17094147435400514	0.6	0.0
606	0.12222222222222225	0.17112554051714188	0.6	0.0
607	0.09888888888888892	0.15950927833998627	0.6	0.0
608	0.10777777777777779	0.1586244886360922	0.4	0.0
609	0.10111111111111111	0.15950927833998627	0.6	0.0
610	0.10222222222222223	0.16598378620802282	0.6	0.0
611	0.10666666666666666	0.17435595774162696	0.6	0.0
612	0.12777777777777777	0.1825910900696951	0.6	0.0
613	0.16555555555555562	0.19559658660456739	0.6	0.0
614	0.13111111111111115	0.17361799986332985	0.4	0.0
615	0.10999999999999999	0.16868774571839992	0.6	0.0
616	0.09555555555555555	0.15769951110409042	0.6	0.0
617	0.11	0.17065234314893604	0.6	0.0
618	0.0922222222222222	0.16140203618278992	0.6	0.0
619	0.0911111111111111	0.16237435788561394	0.6	0.0
620	0.09666666666666666	0.16360521589077368	0.6	0.0
621	0.11444444444444445	0.16836541681784567	0.6	0.0
622	0.11222222222222224	0.16588334440388303	0.6	0.0
623	0.12444444444444444	0.17907857438138466	0.6	0.0
624	0.12111111111111107	0.17669461693645616	0.6	0.0
625	0.09555555555555552	0.16391807649697804	0.6	0.0
626	0.0944444444444444	0.1635448366052775	0.6	0.0
627	0.11777777777777779	0.17986277348009128	0.6	0.0
628	0.13333333333333336	0.18915014612148146	0.6	0.0
629	0.13777777777777778	0.18831284713227012	0.6	0.0
630	0.15	0.1945079261452688	0.6	0.0
631	0.10555555555555556	0.16823337699696359	0.6	0.0
632	0.08333333333333334	0.15793810320642845	0.6	0.0
633	0.07666666666666667	0.14685593847940462	0.6	0.0
634	0.09666666666666668	0.16224124698183948	0.6	0.0
635	0.08666666666666668	0.15860503004493762	0.6	0.0
636	0.09444444444444444	0.16080430557468922	0.6	0.0
637	0.10333333333333335	0.1689510119663225	0.6	0.0
638	0.11111111111111115	0.17791661245553864	0.6	0.0
639	0.12000000000000001	0.19160143817599887	0.6	0.0
640	0.13777777777777783	0.18473872106769715	0.6	0.0
641	0.11000000000000003	0.17065234314893607	0.6	0.0
642	0.13222222222222227	0.18307726224361473	0.6	0.0
643	0.13111111111111115	0.18113496775390958	0.6	0.0
644	0.13333333333333336	0.18073922282301277	0.6	0.0
645	0.13333333333333336	0.18012341448141728	0.6	0.0
646	0.14333333333333337	0.1885912687975418	0.6	0.0
647	0.10111111111111112	0.15810997891372566	0.4	0.0
648	0.11111111111111113	0.16427919625134418	0.4	0.0
649	0.09777777777777777	0.160539214854729	0.6	0.0
650	0.11000000000000003	0.16333333333333333	0.6	0.0
651	0.11777777777777779	0.17611724489844052	0.6	0.0
652	0.09777777777777777	0.17573830150904485	0.6	0.0
653	0.10777777777777779	0.1802638669517412	0.6	0.0
654	0.09777777777777777	0.16531302145242038	0.6	0.0
655	0.0911111111111111	0.15891608158916556	0.6	0.0
656	0.08111111111111112	0.14899250126130095	0.6	0.0
657	0.0788888888888889	0.14943928119952968	0.6	0.0
658	0.08666666666666667	0.15216949614017772	0.6	0.0
659	0.08333333333333334	0.1600347184554374	0.6	0.0
660	0.09555555555555557	0.1652682070058049	0.6	0.0
661	0.09222222222222223	0.16681844940452	0.6	0.0
662	0.08666666666666667	0.16878651868229552	0.6	0.0
663	0.0811111111111111	0.14824487583008236	0.6	0.0
664	0.08666666666666667	0.1514375558880073	0.6	0.0
665	0.0811111111111111	0.14824487583008236	0.6	0.0
666	0.12000000000000001	0.18147543451754933	0.6	0.0
667	0.12222222222222225	0.18605720612386206	0.6	0.0
668	0.11777777777777779	0.18831284713227012	0.6	0.0
669	0.08777777777777779	0.16854130900021566	0.6	0.0
670	0.07333333333333333	0.15114378731672848	0.6	0.0
671	0.0688888888888889	0.1427075054044651	0.6	0.0
672	0.056666666666666685	0.1316983084342561	0.6	0.0
673	0.07	0.142556031868954	0.6	0.0
674	0.06333333333333334	0.1386041525752786	0.6	0.0
675	0.05555555555555555	0.12658866994334325	0.6	0.0
676	0.08777777777777777	0.16112643605275248	0.6	0.0
677	0.07444444444444444	0.14874371031416656	0.6	0.0
678	0.08	0.14772346537440229	0.6	0.0
679	0.05888888888888889	0.1340766318561014	0.6	0.0
680	0.05333333333333333	0.1266666666666667	0.6	0.0
681	0.058888888888888886	0.12192387829611327	0.4	0.0
682	0.056666666666666664	0.12653501930734876	0.4	0.0
683	0.06777777777777778	0.14207023128468524	0.6	0.0
684	0.07333333333333333	0.1518771433319269	0.6	0.0
685	0.08777777777777779	0.1597413032080848	0.6	0.0
686	0.1	0.16799470891138868	0.6	0.0
687	0.09777777777777777	0.16531302145242036	0.6	0.0
688	0.05333333333333333	0.12220201853215576	0.6	0.0
689	0.06222222222222223	0.1312992999708662	0.6	0.0
690	0.06888888888888889	0.14114172896178148	0.6	0.0
691	0.06444444444444443	0.15004526066128707	0.6	0.0
692	0.04777777777777777	0.11664550072551523	0.6	0.0
693	0.05222222222222221	0.11664550072551526	0.4	0.0
694	0.05999999999999998	0.12454361128179606	0.4	0.0
695	0.040000000000000015	0.09637888196533975	0.4	0.0
696	0.07444444444444445	0.15532125211324008	0.6	0.0
697	0.0811111111111111	0.15978766775140094	0.6	0.0
698	0.08666666666666667	0.16206994374857625	0.6	0.0
699	0.0911111111111111	0.15751151241483868	0.6	0.0
700	0.09000000000000001	0.16265163865007803	0.6	0.0
701	0.09777777777777777	0.173831193836484	0.6	0.0
702	0.09555555555555555	0.17506259903316562	0.6	0.0
703	0.08888888888888886	0.16086187618536765	0.6	0.0
704	0.06777777777777777	0.14362588576481747	0.6	0.0
705	0.08444444444444442	0.15979925678530485	0.6	0.0
706	0.10333333333333332	0.18162843634433704	0.6	0.0
707	0.09555555555555555	0.1763274171100211	0.6	0.0
708	0.10777777777777779	0.17526347009750004	0.6	0.0
709	0.09888888888888889	0.17288046251959086	0.6	0.0
710	0.08777777777777779	0.1583440542179366	0.5	0.0
711	0.09333333333333334	0.16110727964792765	0.5	0.0
712	0.09333333333333334	0.1590248058916875	0.6	0.0
713	0.08888888888888889	0.1636014428382752	0.6	0.0
714	0.07888888888888891	0.14567425185776994	0.6	0.0
715	0.05888888888888889	0.13071975489950882	0.6	0.0
716	0.08222222222222225	0.15746447767161667	0.6	0.0
717	0.08444444444444447	0.15341382750305074	0.6	0.0
718	0.08222222222222225	0.15675726300931908	0.6	0.0
719	0.08666666666666668	0.16411378166788232	0.6	0.0
720	0.08333333333333336	0.15793810320642845	0.6	0.0
721	0.0888888888888889	0.15947444549341472	0.6	0.0
722	0.10111111111111112	0.171590238290362	0.6	0.0
723	0.09	0.16603212540549697	0.6	0.0
724	0.09111111111111113	0.16907884054779787	0.6	0.0
725	0.08666666666666668	0.1613829124921361	0.6	0.0
726	0.06777777777777778	0.14207023128468524	0.6	0.0
727	0.05999999999999999	0.1356465996625054	0.6	0.0
728	0.044444444444444446	0.1193604355732959	0.6	0.0
729	0.048888888888888905	0.11666137554139279	0.4	0.0
730	0.04111111111111111	0.10943739401994433	0.4	0.0
731	0.051111111111111114	0.12493949152773867	0.6	0.0
732	0.05222222222222223	0.12403205479747545	0.6	0.0
733	0.043333333333333335	0.11259563836036358	0.6	0.0
734	0.035555555555555556	0.09923161583007159	0.6	0.0
735	0.04333333333333334	0.11259563836036358	0.6	0.0
736	0.04444444444444445	0.11363793489373865	0.6	0.0
737	0.036666666666666674	0.10588253449512394	0.6	0.0
738	0.037777777777777785	0.106016537261125	0.6	0.0
739	0.048888888888888885	0.11376822876595741	0.6	0.0
740	0.06444444444444446	0.1392927461707984	0.6	0.0
741	0.04111111111111112	0.11244202895956304	0.6	0.0
742	0.06444444444444444	0.1368787875060844	0.6	0.0
743	0.05555555555555555	0.11936043557329588	0.5	0.0
744	0.044444444444444446	0.10657403385139379	0.5	0.0
745	0.05888888888888889	0.12283181314703312	0.6	0.0
746	0.04	0.09752492558885197	0.4	0.0
747	0.04666666666666667	0.1107549848389077	0.4	0.0
748	0.03777777777777778	0.10389928646720856	0.4	0.0
749	0.04	0.10088497300281038	0.4	0.0
750	0.051111111111111114	0.12224242257311173	0.6	0.0
751	0.042222222222222223	0.11640711869963373	0.6	0.0
752	0.06222222222222223	0.14725471339581614	0.6	0.0
753	0.04555555555555557	0.10557894477710467	0.5	0.0
754	0.045555555555555564	0.11465999119242473	0.6	0.0
755	0.043333333333333335	0.10651030205780307	0.4	0.0
756	0.042222222222222223	0.1064349334651382	0.4	0.0
757	0.037777777777777785	0.10282431378897135	0.4	0.0
758	0.048888888888888905	0.11376822876595738	0.4	0.0
759	0.04444444444444445	0.10657403385139377	0.4	0.0
760	0.04888888888888889	0.10979217179587224	0.4	0.0
761	0.04000000000000001	0.09977753031397178	0.4	0.0
762	0.03666666666666667	0.09597453365925314	0.4	0.0
763	0.041111111111111105	0.10634790333245822	0.4	0.0
764	0.044444444444444446	0.11265592760565847	0.4	0.0
765	0.051111111111111114	0.12133007728638845	0.4	0.0
766	0.052222222222222225	0.1258109496893192	0.4	0.0
767	0.05333333333333333	0.1185092588975412	0.4	0.0
768	0.034444444444444444	0.09563949801335699	0.4	0.0
769	0.04888888888888889	0.12041081941461393	0.6	0.0
770	0.04	0.1083205120618128	0.6	0.0
771	0.03888888888888889	0.10295030564354224	0.6	0.0
772	0.05333333333333333	0.11075498483890768	0.5	0.0
773	0.06888888888888887	0.1419267764607624	0.6	0.0
774	0.07555555555555557	0.1544244591385928	0.6	0.0
775	0.07444444444444445	0.15603497550308043	0.6	0.0
776	0.06666666666666667	0.16055459438389727	0.6	0.0
777	0.05777777777777778	0.1341456735358806	0.6	0.0
778	0.052222222222222225	0.12756504029777455	0.6	0.0
779	0.06555555555555555	0.14233068780610184	0.6	0.0
780	0.06666666666666668	0.14907119849998599	0.6	0.0
781	0.06666666666666668	0.15491933384829668	0.6	0.0
782	0.05000000000000001	0.14003967691733335	0.6	0.0
783	0.045555555555555564	0.12486535958660176	0.6	0.0
784	0.038888888888888896	0.11803431181411658	0.6	0.0
785	0.05111111111111111	0.13436636851405312	0.6	0.0
786	0.0877777777777778	0.16655181227725957	0.6	0.0
787	0.07555555555555557	0.15798108966378868	0.6	0.0
788	0.0677777777777778	0.15189746379111416	0.6	0.0
789	0.07555555555555556	0.1614593936643797	0.6	0.0
790	0.04666666666666667	0.12489995996796796	0.6	0.0
791	0.043333333333333335	0.11836853936376471	0.6	0.0
792	0.042222222222222223	0.12290717163577632	0.6	0.0
793	0.04111111111111111	0.12008741671932573	0.6	0.0
794	0.04111111111111111	0.10841734634113825	0.4	0.0
795	0.04888888888888889	0.12670564702354165	0.6	0.0
796	0.05555555555555555	0.12746338133066656	0.4	0.0
797	0.048888888888888905	0.11666137554139279	0.4	0.0
798	0.06333333333333334	0.13780017739062927	0.6	0.0
799	0.06555555555555558	0.14388352628359674	0.6	0.0
800	0.04777777777777779	0.11472457624703492	0.4	0.0
801	0.052222222222222225	0.12756504029777455	0.4	0.0
802	0.04666666666666667	0.1212893693244017	0.4	0.0
803	0.07999999999999999	0.1606929439092527	0.6	0.0
804	0.05777777777777778	0.14527963669938804	0.6	0.0
805	0.05	0.12931443160847217	0.6	0.0
806	0.05111111111111111	0.12844752014771935	0.6	0.0
807	0.07666666666666667	0.154236470683457	0.6	0.0
808	0.08444444444444446	0.15699335521048946	0.4	0.0
809	0.07333333333333332	0.14892205269125786	0.6	0.0
810	0.06333333333333332	0.132874209519965	0.4	0.0
811	0.04666666666666666	0.12310790208412926	0.6	0.0
812	0.04	0.11234866364235145	0.6	0.0
813	0.05666666666666667	0.13420548092798265	0.6	0.0
814	0.06777777777777778	0.1420702312846852	0.6	0.0
815	0.042222222222222223	0.11544866851431591	0.6	0.0
816	0.052222222222222225	0.12222727262292776	0.6	0.0
817	0.05555555555555555	0.12028772091310544	0.4	0.0
818	0.05555555555555555	0.12212117034696966	0.4	0.0
819	0.045555555555555564	0.11368681259506178	0.6	0.0
820	0.05000000000000001	0.12224747213928167	0.6	0.0
821	0.06444444444444443	0.14166557733785984	0.6	0.0
822	0.06222222222222222	0.13464172853067657	0.6	0.0
823	0.05888888888888889	0.12986697847707646	0.6	0.0
824	0.06111111111111111	0.12969575033254171	0.6	0.0
825	0.05999999999999999	0.1289271973720915	0.4	0.0
826	0.06555555555555556	0.14310921323793324	0.6	0.0
827	0.07333333333333333	0.14666666666666664	0.6	0.0
828	0.07333333333333333	0.14742229591663988	0.6	0.0
829	0.056666666666666664	0.12653501930734873	0.4	0.0
830	0.06111111111111111	0.1339107865910439	0.4	0.0
831	0.054444444444444455	0.12575205861898878	0.4	0.0
832	0.06333333333333335	0.1353596033616464	0.4	0.0
833	0.043333333333333335	0.1145522685162639	0.4	0.0
834	0.04	0.10832051206181281	0.4	0.0
835	0.031111111111111114	0.09734753828359784	0.4	0.0
836	0.03888888888888888	0.10821218297035635	0.4	0.0
837	0.03666666666666667	0.10049875621120892	0.4	0.0
838	0.03222222222222222	0.08922851783517269	0.4	0.0
839	0.042222222222222223	0.1105318232484079	0.4	0.0
840	0.03333333333333333	0.09775252199076788	0.4	0.0
841	0.03666666666666667	0.09597453365925314	0.4	0.0
842	0.027777777777777783	0.08031573497111646	0.4	0.0
843	0.022222222222222227	0.06795059933964737	0.4	0.0
844	0.027777777777777783	0.08303650840681503	0.4	0.0
845	0.025555555555555557	0.07966751897885935	0.4	0.0
846	0.022222222222222223	0.07714024425648792	0.4	0.0
847	0.013333333333333336	0.056174331821175726	0.4	0.0
848	0.014444444444444446	0.05068664323536464	0.3	0.0
849	0.026666666666666672	0.07423685817106697	0.4	0.0
850	0.024444444444444446	0.07790465841314714	0.4	0.0
851	0.008888888888888889	0.038425814368423516	0.3	0.0
852	0.0077777777777777776	0.030651364942519386	0.2	0.0
853	0.0077777777777777776	0.026782157318208776	0.1	0.0
854	0.0077777777777777776	0.026782157318208776	0.1	0.0
855	0.016666666666666666	0.0521749194749951	0.3	0.0
856	0.01666666666666667	0.0521749194749951	0.3	0.0
857	0.014444444444444446	0.05068664323536464	0.3	0.0
858	0.020000000000000007	0.056174331821175726	0.3	0.0
859	0.026666666666666672	0.07423685817106697	0.4	0.0
860	0.020000000000000004	0.061824123303304696	0.3	0.0
861	0.015555555555555557	0.05356431463641755	0.3	0.0
862	0.014444444444444446	0.05068664323536464	0.3	0.0
863	0.015555555555555557	0.051448164012401	0.3	0.0
864	0.012222222222222223	0.04905275567698693	0.3	0.0
865	0.013333333333333336	0.056174331821175726	0.4	0.0
866	0.012222222222222223	0.04905275567698693	0.3	0.0
867	0.013333333333333336	0.049888765156985884	0.3	0.0
868	0.011111111111111112	0.04331908597692873	0.3	0.0
869	0.013333333333333332	0.04268749491621899	0.3	0.0
870	0.01	0.0334995854037363	0.2	0.0
871	0.013333333333333336	0.052068331172711035	0.4	0.0
872	0.008888888888888889	0.04629481479111036	0.4	0.0
873	0.013333333333333336	0.049888765156985884	0.4	0.0
874	0.013333333333333336	0.052068331172711035	0.4	0.0
875	0.016666666666666666	0.054262735320332364	0.4	0.0
876	0.013333333333333336	0.052068331172711035	0.4	0.0
877	0.012222222222222223	0.05126787553359702	0.4	0.0
878	0.020000000000000004	0.06699917080747261	0.4	0.0
879	0.0077777777777777776	0.030651364942519386	0.2	0.0
880	0.012222222222222221	0.03598696609044811	0.2	0.0
881	0.0077777777777777776	0.030651364942519386	0.2	0.0
882	0.008888888888888889	0.028458329944145995	0.1	0.0
883	0.01111111111111111	0.031426968052735454	0.1	0.0
884	0.01111111111111111	0.031426968052735454	0.1	0.0
885	0.009999999999999998	0.030000000000000006	0.1	0.0
886	0.0077777777777777776	0.026782157318208776	0.1	0.0
887	0.005555555555555556	0.02290614236454256	0.1	0.0
888	0.012222222222222223	0.06115150180363118	0.4	0.0
889	0.017777777777777778	0.058836454643883235	0.4	0.0
890	0.01777777777777778	0.046134532204503774	0.2	0.0
891	0.020000000000000004	0.047609522856952344	0.2	0.0
892	0.014444444444444446	0.04361730316975672	0.2	0.0
893	0.016666666666666666	0.04533823502911815	0.2	0.0
894	0.014444444444444446	0.040990814990437156	0.2	0.0
895	0.017777777777777785	0.05492980930803679	0.4	0.0
896	0.022222222222222227	0.07714024425648792	0.4	0.0
897	0.024444444444444453	0.07350149070462769	0.4	0.0
898	0.023333333333333334	0.0731057073315377	0.4	0.0
899	0.03222222222222223	0.0867022718884418	0.4	0.0
900	0.038888888888888896	0.09853870581253785	0.4	0.0
901	0.037777777777777785	0.09495938052987332	0.4	0.0
902	0.037777777777777785	0.0889166623277447	0.4	0.0
903	0.03111111111111112	0.08899993064222572	0.4	0.0
904	0.031111111111111114	0.09023973557443091	0.4	0.0
905	0.03222222222222223	0.08410017542296118	0.4	0.0
906	0.03222222222222223	0.08922851783517269	0.4	0.0
907	0.04111111111111112	0.1042373834032946	0.4	0.0
908	0.053333333333333344	0.11756794725698934	0.4	0.0
909	0.04777777777777777	0.10773194901934234	0.4	0.0
910	0.03222222222222223	0.08922851783517269	0.4	0.0
911	0.027777777777777776	0.08031573497111645	0.4	0.0
912	0.027777777777777783	0.07605228870510047	0.4	0.0
913	0.013333333333333336	0.037118429085533484	0.2	0.0
914	0.013333333333333336	0.056174331821175726	0.4	0.0
915	0.026666666666666675	0.07423685817106696	0.4	0.0
916	0.027777777777777783	0.07153519379031055	0.4	0.0
917	0.03444444444444445	0.08186860897683844	0.4	0.0
918	0.03777777777777779	0.08508528764034066	0.4	0.0
919	0.03777777777777779	0.08638129655811917	0.4	0.0
920	0.030000000000000006	0.07951240294584376	0.4	0.0
921	0.026666666666666672	0.07717224601860152	0.4	0.0
922	0.031111111111111114	0.07549016778428014	0.4	0.0
923	0.018888888888888893	0.06127251412872106	0.4	0.0
924	0.026666666666666672	0.08	0.4	0.0
925	0.03111111111111111	0.09503735457930267	0.4	0.0
926	0.035555555555555556	0.09923161583007159	0.4	0.0
927	0.020000000000000004	0.0618241233033047	0.4	0.0
928	0.027777777777777783	0.08303650840681503	0.4	0.0
929	0.02111111111111112	0.06235105709599201	0.4	0.0
930	0.027777777777777783	0.08695819912499184	0.4	0.0
931	0.03888888888888889	0.10295030564354225	0.4	0.0
932	0.034444444444444444	0.09793547888631249	0.4	0.0
933	0.022222222222222223	0.06795059933964737	0.4	0.0
934	0.022222222222222227	0.06629526173411689	0.4	0.0
935	0.01888888888888889	0.05556666555577773	0.4	0.0
936	0.03222222222222223	0.08141495600765498	0.4	0.0
937	0.026666666666666675	0.07571877794400365	0.4	0.0
938	0.02888888888888889	0.09456854591534763	0.4	0.0
939	0.016666666666666666	0.06540472290116196	0.4	0.0
940	0.012222222222222223	0.05126787553359702	0.4	0.0
941	0.005555555555555556	0.027329719724997432	0.2	0.0
942	0.011111111111111112	0.052587375849774375	0.4	0.0
943	0.021111111111111115	0.06911254017815106	0.4	0.0
944	0.018888888888888893	0.06305983832738984	0.4	0.0
945	0.022222222222222227	0.06795059933964737	0.4	0.0
946	0.026666666666666672	0.08537498983243799	0.4	0.0
947	0.04111111111111111	0.10943739401994433	0.4	0.0
948	0.034444444444444444	0.10237307709344409	0.4	0.0
949	0.03333333333333333	0.09775252199076788	0.4	0.0
950	0.01777777777777778	0.07390350732584841	0.4	0.0
951	0.011111111111111112	0.0604509800388242	0.4	0.0
952	0.012222222222222223	0.06115150180363118	0.4	0.0
953	0.020000000000000004	0.08326663997864532	0.4	0.0
954	0.037777777777777785	0.10809232450680276	0.4	0.0
955	0.04	0.09977753031397178	0.4	0.0
956	0.03333333333333333	0.09189365834726815	0.4	0.0
957	0.027777777777777776	0.08695819912499184	0.4	0.0
958	0.025555555555555557	0.0782604073464015	0.4	0.0
959	0.023333333333333338	0.07608474807008886	0.4	0.0
960	0.021111111111111115	0.07070194786636905	0.4	0.0
961	0.025555555555555557	0.07966751897885935	0.4	0.0
962	0.012222222222222223	0.05126787553359702	0.4	0.0
963	0.023333333333333334	0.08439325934114775	0.4	0.0
964	0.016666666666666666	0.06191391873668904	0.4	0.0
965	0.023333333333333338	0.08439325934114776	0.4	0.0
966	0.022222222222222223	0.08403409067195129	0.4	0.0
967	0.024444444444444446	0.08473633762194498	0.4	0.0
968	0.014444444444444446	0.05688411438297869	0.4	0.0
969	0.014444444444444447	0.06759538299668948	0.4	0.0
970	0.026666666666666672	0.09285592184789414	0.4	0.0
971	0.014444444444444447	0.06246974576386933	0.4	0.0
972	0.01666666666666667	0.06368324391514268	0.4	0.0
973	0.026666666666666672	0.08666666666666668	0.4	0.0
974	0.021111111111111115	0.06911254017815106	0.4	0.0
975	0.023333333333333338	0.07753135566408673	0.4	0.0
976	0.030000000000000006	0.09000000000000001	0.4	0.0
977	0.017777777777777785	0.06425258797689315	0.4	0.0
978	0.014444444444444446	0.05688411438297869	0.4	0.0
979	0.014444444444444446	0.05283330412430553	0.4	0.0
980	0.01666666666666667	0.06540472290116196	0.4	0.0
981	0.01555555555555556	0.06308919807368174	0.4	0.0
982	0.024444444444444453	0.08070675465482169	0.4	0.0
983	0.02888888888888889	0.09097550884648321	0.4	0.0
984	0.030000000000000002	0.08491826135237998	0.4	0.0
985	0.017777777777777778	0.06425258797689316	0.4	0.0
986	0.023333333333333334	0.07608474807008886	0.4	0.0
987	0.027777777777777783	0.08567091789422773	0.4	0.0
988	0.027777777777777783	0.08567091789422773	0.4	0.0
989	0.018888888888888893	0.0647978813858815	0.4	0.0
990	0.021111111111111115	0.0658186809760884	0.4	0.0
991	0.025555555555555564	0.07682752850250013	0.4	0.0
992	0.023333333333333338	0.07608474807008886	0.4	0.0
993	0.030000000000000002	0.09363047936792095	0.4	0.0
994	0.024444444444444446	0.08473633762194499	0.4	0.0
995	0.023333333333333338	0.08171767114754176	0.4	0.0
996	0.01777777777777778	0.0659592092429148	0.4	0.0
997	0.013333333333333332	0.03711842908553349	0.2	0.0
998	0.020000000000000004	0.06699917080747261	0.4	0.0
999	0.027777777777777787	0.07153519379031055	0.4	0.0
1000	0.024444444444444453	0.06202349216423496	0.4	0.0
